0, 0, 0, 0, 0, 0, 0, 0, 0, 0, 0, 0, 0, f, f, f, f, 01.01.1901, 0, 0, 0, 0, 0, 0, 0, 0, 0, 0, 0, 0, 0, 0, 0, 0, 0, 0, 0, 0, 0, 0
0, 0, 0, 0, 0, 0, 0, 0, 0, 0, 0, 1, 1, f, f, f, f, 01.09.2020, 0, 0, 0, 0, 0, 0, 0, 0, 0, 0, 0, 0, 0, 0, 0, 0, 0, 0, 0, 0, 0, 0
0, 0, 0, 0, 0, 0, 0, 0, 0, 0, 0, 1, 2, f, f, f, f, 02.09.2020, 0, 0, 0, 0, 0, 0, 0, 0, 0, 0, 0, 0, 0, 0, 0, 0, 0, 0, 0, 0, 0, 0
0, 0, 0, 0, 0, 0, 0, 0, 0, 0, 0, 1, 3, f, f, f, f, 03.09.2020, 0, 0, 0, 0, 0, 0, 0, 0, 0, 0, 0, 0, 0, 0, 0, 0, 0, 0, 0, 0, 0, 0
0, 0, 0, 0, 0, 0, 0, 0, 0, 0, 0, 1, 4, f, f, f, f, 04.09.2020, 0, 0, 0, 0, 0, 0, 0, 0, 0, 0, 0, 0, 0, 0, 0, 0, 0, 0, 0, 0, 0, 0
0, 0, 0, 0, 0, 0, 0, 0, 0, 0, 0, 1, 5, f, f, t, t, 05.09.2020, 0, 0, 0, 0, 0, 0, 0, 0, 0, 0, 0, 0, 0, 0, 0, 0, 0, 0, 0, 0, 0, 0
0, 0, 0, 0, 0, 0, 0, 0, 0, 0, 0, 1, 6, f, f, t, t, 06.09.2020, 0, 0, 0, 0, 0, 0, 0, 0, 0, 0, 0, 0, 0, 0, 0, 0, 0, 0, 0, 0, 0, 0
0, 0, 0, 0, 0, 0, 0, 0, 0, 0, 0, 2, 7, f, f, f, f, 07.09.2020, 0, 0, 0, 0, 0, 0, 0, 0, 0, 0, 0, 0, 0, 0, 0, 0, 0, 0, 0, 0, 0, 0
0, 0, 0, 0, 0, 0, 0, 0, 0, 0, 0, 2, 8, f, f, f, f, 08.09.2020, 0, 0, 0, 0, 0, 0, 0, 0, 0, 0, 0, 0, 0, 0, 0, 0, 0, 0, 0, 0, 0, 0
0, 0, 0, 0, 0, 0, 0, 0, 0, 0, 0, 2, 9, f, f, f, f, 09.09.2020, 0, 0, 0, 0, 0, 0, 0, 0, 0, 0, 0, 0, 0, 0, 0, 0, 0, 0, 0, 0, 0, 0
0, 0, 0, 0, 0, 0, 0, 0, 0, 0, 0, 2, 10, f, f, f, f, 10.09.2020, 0, 0, 0, 0, 0, 0, 0, 0, 0, 0, 0, 0, 0, 0, 0, 0, 0, 0, 0, 0, 0, 0
0, 0, 0, 0, 0, 0, 0, 0, 0, 0, 0, 2, 11, f, f, f, f, 11.09.2020, 0, 0, 0, 0, 0, 0, 0, 0, 0, 0, 0, 0, 0, 0, 0, 0, 0, 0, 0, 0, 0, 0
0, 0, 0, 0, 0, 0, 0, 0, 0, 0, 0, 2, 12, f, f, t, t, 12.09.2020, 0, 0, 0, 0, 0, 0, 0, 0, 0, 0, 0, 0, 0, 0, 0, 0, 0, 0, 0, 0, 0, 0
0, 0, 0, 0, 0, 0, 0, 0, 0, 0, 0, 2, 13, f, f, t, t, 13.09.2020, 0, 0, 0, 0, 0, 0, 0, 0, 0, 0, 0, 0, 0, 0, 0, 0, 0, 0, 0, 0, 0, 0
0, 0, 0, 0, 0, 0, 0, 0, 0, 0, 0, 3, 14, f, f, f, f, 14.09.2020, 0, 0, 0, 0, 0, 0, 0, 0, 0, 0, 0, 0, 0, 0, 0, 0, 0, 0, 0, 0, 0, 0
0, 0, 0, 0, 0, 0, 0, 0, 0, 0, 0, 3, 15, f, f, f, f, 15.09.2020, 0, 0, 0, 0, 0, 0, 0, 0, 0, 0, 0, 0, 0, 0, 0, 0, 0, 0, 0, 0, 0, 0
0, 0, 0, 0, 0, 0, 0, 0, 0, 0, 0, 3, 16, f, f, f, f, 16.09.2020, 0, 0, 0, 0, 0, 0, 0, 0, 0, 0, 0, 0, 0, 0, 0, 0, 0, 0, 0, 0, 0, 0
0, 0, 0, 0, 0, 0, 0, 0, 0, 0, 0, 3, 17, f, f, f, f, 17.09.2020, 0, 0, 0, 0, 0, 0, 0, 0, 0, 0, 0, 0, 0, 0, 0, 0, 0, 0, 0, 0, 0, 0
0, 0, 0, 0, 0, 0, 0, 0, 0, 0, 0, 3, 18, f, f, f, f, 18.09.2020, 0, 0, 0, 0, 0, 0, 0, 0, 0, 0, 0, 0, 0, 0, 0, 0, 0, 0, 0, 0, 0, 0
0, 0, 0, 0, 0, 0, 0, 0, 0, 0, 0, 3, 19, f, f, t, t, 19.09.2020, 0, 0, 0, 0, 0, 0, 0, 0, 0, 0, 0, 0, 0, 0, 0, 0, 0, 0, 0, 0, 0, 0
0, 0, 0, 0, 0, 0, 0, 0, 0, 0, 0, 3, 20, f, f, t, t, 20.09.2020, 0, 0, 0, 0, 0, 0, 0, 0, 0, 0, 0, 0, 0, 0, 0, 0, 0, 0, 0, 0, 0, 0
0, 0, 0, 0, 0, 0, 0, 0, 0, 0, 0, 4, 21, f, f, f, f, 21.09.2020, 0, 0, 0, 0, 0, 0, 0, 0, 0, 0, 0, 0, 0, 0, 0, 0, 0, 0, 0, 0, 0, 0
0, 0, 0, 0, 0, 0, 0, 0, 0, 0, 0, 4, 22, f, f, f, f, 22.09.2020, 0, 0, 0, 0, 0, 0, 0, 0, 0, 0, 0, 0, 0, 0, 0, 0, 0, 0, 0, 0, 0, 0
0, 0, 0, 0, 0, 0, 0, 0, 0, 0, 0, 4, 23, f, f, f, f, 23.09.2020, 0, 0, 0, 0, 0, 0, 0, 0, 0, 0, 0, 0, 0, 0, 0, 0, 0, 0, 0, 0, 0, 0
0, 0, 0, 0, 0, 0, 0, 0, 0, 0, 0, 4, 24, f, f, f, f, 24.09.2020, 0, 0, 0, 0, 0, 0, 0, 0, 0, 0, 0, 0, 0, 0, 0, 0, 0, 0, 0, 0, 0, 0
0, 0, 0, 0, 0, 0, 0, 0, 0, 0, 0, 4, 25, f, f, f, f, 25.09.2020, 0, 0, 0, 0, 0, 0, 0, 0, 0, 0, 0, 0, 0, 0, 0, 0, 0, 0, 0, 0, 0, 0
0, 0, 0, 0, 0, 0, 0, 0, 0, 0, 0, 4, 26, f, f, t, t, 26.09.2020, 0, 0, 0, 0, 0, 0, 0, 0, 0, 0, 0, 0, 0, 0, 0, 0, 0, 0, 0, 0, 0, 0
0, 0, 0, 0, 0, 0, 0, 0, 0, 0, 0, 4, 27, f, f, t, t, 27.09.2020, 0, 0, 0, 0, 0, 0, 0, 0, 0, 0, 0, 0, 0, 0, 0, 0, 0, 0, 0, 0, 0, 0
0, 0, 0, 0, 0, 0, 0, 0, 0, 0, 0, 5, 28, f, f, f, f, 28.09.2020, 0, 0, 0, 0, 0, 0, 0, 0, 0, 0, 0, 0, 0, 0, 0, 0, 0, 0, 0, 0, 0, 0
0, 0, 0, 0, 0, 0, 0, 0, 0, 0, 0, 5, 29, f, f, f, f, 29.09.2020, 0, 0, 0, 0, 0, 0, 0, 0, 0, 0, 0, 0, 0, 0, 0, 0, 0, 0, 0, 0, 0, 0
0, 0, 0, 0, 0, 0, 0, 0, 0, 0, 0, 5, 30, f, f, f, f, 30.09.2020, 0, 0, 0, 0, 0, 0, 0, 0, 0, 0, 0, 0, 0, 0, 0, 0, 0, 0, 0, 0, 0, 0
0, 0, 0, 0, 0, 0, 0, 0, 0, 0, 0, 5, 31, t, f, f, f, 01.10.2020, 0, 0, 0, 0, 0, 0, 0, 0, 0, 0, 0, 0, 0, 0, 0, 0, 0, 0, 0, 0, 0, 0
0, 0, 0, 0, 0, 0, 0, 0, 0, 0, 0, 5, 32, t, f, f, f, 02.10.2020, 0, 0, 0, 0, 0, 0, 0, 0, 0, 0, 0, 0, 0, 0, 0, 0, 0, 0, 0, 0, 0, 0
0, 0, 0, 0, 0, 0, 0, 0, 0, 0, 0, 5, 33, t, f, t, t, 03.10.2020, 0, 0, 0, 0, 0, 0, 0, 0, 0, 0, 0, 0, 0, 0, 0, 0, 0, 0, 0, 0, 0, 0
0, 0, 0, 0, 0, 0, 0, 0, 0, 0, 0, 5, 34, t, f, t, t, 04.10.2020, 0, 0, 0, 0, 0, 0, 0, 0, 0, 0, 0, 0, 0, 0, 0, 0, 0, 0, 0, 0, 0, 0
0, 0, 0, 0, 0, 0, 0, 0, 0, 0, 0, 6, 35, t, f, f, f, 05.10.2020, 0, 0, 0, 0, 0, 0, 0, 0, 0, 0, 0, 0, 0, 0, 0, 0, 0, 0, 0, 0, 0, 0
0, 0, 0, 0, 0, 0, 0, 0, 0, 0, 0, 6, 36, t, f, f, f, 06.10.2020, 0, 0, 0, 0, 0, 0, 0, 0, 0, 0, 0, 0, 0, 0, 0, 0, 0, 0, 0, 0, 0, 0
0, 0, 0, 0, 0, 0, 0, 0, 0, 0, 0, 6, 37, t, f, f, f, 07.10.2020, 0, 0, 0, 0, 0, 0, 0, 0, 0, 0, 0, 0, 0, 0, 0, 0, 0, 0, 0, 0, 0, 0
0, 0, 0, 0, 0, 0, 0, 0, 0, 0, 0, 6, 38, t, f, f, f, 08.10.2020, 0, 0, 0, 0, 0, 0, 0, 0, 0, 0, 0, 0, 0, 0, 0, 0, 0, 0, 0, 0, 0, 0
0, 0, 0, 0, 0, 0, 0, 0, 0, 0, 0, 6, 39, f, f, f, f, 09.10.2020, 0, 0, 0, 0, 0, 0, 0, 0, 0, 0, 0, 0, 0, 0, 0, 0, 0, 0, 0, 0, 0, 0
0, 0, 0, 0, 0, 0, 0, 0, 0, 0, 0, 6, 40, f, f, t, t, 10.10.2020, 0, 0, 0, 0, 0, 0, 0, 0, 0, 0, 0, 0, 0, 0, 0, 0, 0, 0, 0, 0, 0, 0
0, 0, 0, 0, 0, 0, 0, 0, 0, 0, 0, 6, 41, f, f, t, t, 11.10.2020, 0, 0, 0, 0, 0, 0, 0, 0, 0, 0, 0, 0, 0, 0, 0, 0, 0, 0, 0, 0, 0, 0
0, 0, 0, 0, 0, 0, 0, 0, 0, 0, 0, 7, 42, f, t, f, f, 12.10.2020, 0, 0, 0, 0, 0, 0, 0, 0, 0, 0, 0, 0, 0, 0, 0, 0, 0, 0, 0, 0, 0, 0
0, 0, 0, 0, 0, 0, 0, 0, 0, 0, 0, 7, 43, f, f, f, f, 13.10.2020, 0, 0, 0, 0, 0, 0, 0, 0, 0, 0, 0, 0, 0, 0, 0, 0, 0, 0, 0, 0, 0, 0
0, 0, 0, 0, 0, 0, 0, 0, 0, 0, 0, 7, 44, f, f, f, f, 14.10.2020, 0, 0, 0, 0, 0, 0, 0, 0, 0, 0, 0, 0, 0, 0, 0, 0, 0, 0, 0, 0, 0, 0
0, 0, 0, 0, 0, 0, 0, 0, 0, 0, 0, 7, 45, f, f, f, f, 15.10.2020, 0, 0, 0, 0, 0, 0, 0, 0, 0, 0, 0, 0, 0, 0, 0, 0, 0, 0, 0, 0, 0, 0
0, 0, 0, 0, 0, 0, 0, 0, 0, 0, 0, 7, 46, f, f, f, f, 16.10.2020, 0, 0, 0, 0, 0, 0, 0, 0, 0, 0, 0, 0, 0, 0, 0, 0, 0, 0, 0, 0, 0, 0
0, 0, 0, 0, 0, 0, 0, 0, 0, 0, 0, 7, 47, f, f, t, t, 17.10.2020, 0, 0, 0, 0, 0, 0, 0, 0, 0, 0, 0, 0, 0, 0, 0, 0, 0, 0, 0, 0, 0, 0
0, 0, 0, 0, 0, 0, 0, 0, 0, 0, 0, 7, 48, f, f, t, t, 18.10.2020, 0, 0, 0, 0, 0, 0, 0, 0, 0, 0, 0, 0, 0, 0, 0, 0, 0, 0, 0, 0, 0, 0
0, 0, 0, 0, 0, 0, 0, 0, 0, 0, 0, 8, 49, f, f, f, f, 19.10.2020, 0, 0, 0, 0, 0, 0, 0, 0, 0, 0, 0, 0, 0, 0, 0, 0, 0, 0, 0, 0, 0, 0
0, 0, 0, 0, 0, 0, 0, 0, 0, 0, 0, 8, 50, f, f, f, f, 20.10.2020, 0, 0, 0, 0, 0, 0, 0, 0, 0, 0, 0, 0, 0, 0, 0, 0, 0, 0, 0, 0, 0, 0
0, 0, 0, 0, 0, 0, 0, 0, 0, 0, 0, 8, 51, f, f, f, f, 21.10.2020, 0, 0, 0, 0, 0, 0, 0, 0, 0, 0, 0, 0, 0, 0, 0, 0, 0, 0, 0, 0, 0, 0
0, 0, 0, 0, 0, 0, 0, 0, 0, 0, 0, 8, 52, f, f, f, f, 22.10.2020, 0, 0, 0, 0, 0, 0, 0, 0, 0, 0, 0, 0, 0, 0, 0, 0, 0, 0, 0, 0, 0, 0
0, 0, 0, 0, 0, 0, 0, 0, 0, 0, 0, 8, 53, f, f, f, f, 23.10.2020, 0, 0, 0, 0, 0, 0, 0, 0, 0, 0, 0, 0, 0, 0, 0, 0, 0, 0, 0, 0, 0, 0
0, 0, 0, 0, 0, 0, 0, 0, 0, 0, 0, 8, 54, f, f, t, t, 24.10.2020, 0, 0, 0, 0, 0, 0, 0, 0, 0, 0, 0, 0, 0, 0, 0, 0, 0, 0, 0, 0, 0, 0
0, 0, 0, 0, 0, 0, 0, 0, 0, 0, 0, 8, 55, f, f, t, t, 25.10.2020, 0, 0, 0, 0, 0, 0, 0, 0, 0, 0, 0, 0, 0, 0, 0, 0, 0, 0, 0, 0, 0, 0
0, 0, 0, 0, 0, 0, 0, 0, 0, 0, 0, 9, 56, f, f, f, f, 26.10.2020, 0, 0, 0, 0, 0, 0, 0, 0, 0, 0, 0, 0, 0, 0, 0, 0, 0, 0, 0, 0, 0, 0
0, 0, 0, 0, 0, 0, 0, 0, 0, 0, 0, 9, 57, f, f, f, f, 27.10.2020, 0, 0, 0, 0, 0, 0, 0, 0, 0, 0, 0, 0, 0, 0, 0, 0, 0, 0, 0, 0, 0, 0
0, 0, 0, 0, 0, 0, 0, 0, 0, 0, 0, 9, 58, f, f, f, f, 28.10.2020, 0, 0, 0, 0, 0, 0, 0, 0, 0, 0, 0, 0, 0, 0, 0, 0, 0, 0, 0, 0, 0, 0
0, 0, 0, 0, 0, 0, 0, 0, 0, 0, 0, 9, 59, f, f, f, f, 29.10.2020, 0, 0, 0, 0, 0, 0, 0, 0, 0, 0, 0, 0, 0, 0, 0, 0, 0, 0, 0, 0, 0, 0
0, 0, 0, 0, 0, 0, 0, 0, 0, 0, 0, 9, 60, f, f, f, f, 30.10.2020, 0, 0, 0, 0, 0, 0, 0, 0, 0, 0, 0, 0, 0, 0, 0, 0, 0, 0, 0, 0, 0, 0
0, 0, 0, 0, 0, 0, 0, 0, 0, 0, 0, 9, 61, f, f, t, t, 31.10.2020, 0, 0, 0, 0, 0, 0, 0, 0, 0, 0, 0, 0, 0, 0, 0, 0, 0, 0, 0, 0, 0, 0
0, 0, 0, 0, 0, 0, 0, 0, 0, 0, 0, 9, 62, f, t, t, t, 01.11.2020, 0, 0, 0, 0, 0, 0, 0, 0, 0, 0, 0, 0, 0, 0, 0, 0, 0, 0, 0, 0, 0, 0
0, 0, 0, 0, 0, 0, 0, 0, 0, 0, 0, 10, 63, f, f, f, f, 02.11.2020, 0, 0, 0, 0, 0, 0, 0, 0, 0, 0, 0, 0, 0, 0, 0, 0, 0, 0, 0, 0, 0, 0
0, 0, 0, 0, 0, 0, 0, 0, 0, 0, 0, 10, 64, f, f, f, f, 03.11.2020, 0, 0, 0, 0, 0, 0, 0, 0, 0, 0, 0, 0, 0, 0, 0, 0, 0, 0, 0, 0, 0, 0
0, 0, 0, 0, 0, 0, 0, 0, 0, 0, 0, 10, 65, f, f, f, f, 04.11.2020, 0, 0, 0, 0, 0, 0, 0, 0, 0, 0, 0, 0, 0, 0, 0, 0, 0, 0, 0, 0, 0, 0
0, 0, 0, 0, 0, 0, 0, 0, 0, 0, 0, 10, 66, f, f, f, f, 05.11.2020, 0, 0, 0, 0, 0, 0, 0, 0, 0, 0, 0, 0, 0, 0, 0, 0, 0, 0, 0, 0, 0, 0
0, 0, 0, 0, 0, 0, 0, 0, 0, 0, 0, 10, 67, f, f, f, f, 06.11.2020, 0, 0, 0, 0, 0, 0, 0, 0, 0, 0, 0, 0, 0, 0, 0, 0, 0, 0, 0, 0, 0, 0
0, 0, 0, 0, 0, 0, 0, 0, 0, 0, 0, 10, 68, f, f, t, t, 07.11.2020, 0, 0, 0, 0, 0, 0, 0, 0, 0, 0, 0, 0, 0, 0, 0, 0, 0, 0, 0, 0, 0, 0
0, 0, 0, 0, 0, 0, 0, 0, 0, 0, 0, 10, 69, f, f, t, t, 08.11.2020, 0, 0, 0, 0, 0, 0, 0, 0, 0, 0, 0, 0, 0, 0, 0, 0, 0, 0, 0, 0, 0, 0
0, 0, 0, 0, 0, 0, 0, 0, 0, 0, 0, 11, 70, f, f, f, f, 09.11.2020, 0, 0, 0, 0, 0, 0, 0, 0, 0, 0, 0, 0, 0, 0, 0, 0, 0, 0, 0, 0, 0, 0
0, 0, 0, 0, 0, 0, 0, 0, 0, 0, 0, 11, 71, f, f, f, f, 10.11.2020, 0, 0, 0, 0, 0, 0, 0, 0, 0, 0, 0, 0, 0, 0, 0, 0, 0, 0, 0, 0, 0, 0
0, 0, 0, 0, 0, 0, 0, 0, 0, 0, 0, 11, 72, f, f, f, f, 11.11.2020, 0, 0, 0, 0, 0, 0, 0, 0, 0, 0, 0, 0, 0, 0, 0, 0, 0, 0, 0, 0, 0, 0
0, 0, 0, 0, 0, 0, 0, 0, 0, 0, 0, 11, 73, f, f, f, f, 12.11.2020, 0, 0, 0, 0, 0, 0, 0, 0, 0, 0, 0, 0, 0, 0, 0, 0, 0, 0, 0, 0, 0, 0
0, 0, 0, 0, 0, 0, 0, 0, 0, 0, 0, 11, 74, f, f, f, f, 13.11.2020, 0, 0, 0, 0, 0, 0, 0, 0, 0, 0, 0, 0, 0, 0, 0, 0, 0, 0, 0, 0, 0, 0
0, 0, 0, 0, 0, 0, 0, 0, 0, 0, 0, 11, 75, f, f, t, t, 14.11.2020, 0, 0, 0, 0, 0, 0, 0, 0, 0, 0, 0, 0, 0, 0, 0, 0, 0, 0, 0, 0, 0, 0
0, 0, 0, 0, 0, 0, 0, 0, 0, 0, 0, 11, 76, f, f, t, t, 15.11.2020, 0, 0, 0, 0, 0, 0, 0, 0, 0, 0, 0, 0, 0, 0, 0, 0, 0, 0, 0, 0, 0, 0
0, 0, 0, 0, 0, 0, 0, 0, 0, 0, 0, 12, 77, f, f, f, f, 16.11.2020, 0, 0, 0, 0, 0, 0, 0, 0, 0, 0, 0, 0, 0, 0, 0, 0, 0, 0, 0, 0, 0, 0
0, 0, 0, 0, 0, 0, 0, 0, 0, 0, 0, 12, 78, f, f, f, f, 17.11.2020, 0, 0, 0, 0, 0, 0, 0, 0, 0, 0, 0, 0, 0, 0, 0, 0, 0, 0, 0, 0, 0, 0
0, 0, 0, 0, 0, 0, 0, 0, 0, 0, 0, 12, 79, f, f, f, f, 18.11.2020, 0, 0, 0, 0, 0, 0, 0, 0, 0, 0, 0, 0, 0, 0, 0, 0, 0, 0, 0, 0, 0, 0
0, 0, 0, 0, 0, 0, 0, 0, 0, 0, 0, 12, 80, f, f, f, f, 19.11.2020, 0, 0, 0, 0, 0, 0, 0, 0, 0, 0, 0, 0, 0, 0, 0, 0, 0, 0, 0, 0, 0, 0
0, 0, 0, 0, 0, 0, 0, 0, 0, 0, 0, 12, 81, f, f, f, f, 20.11.2020, 0, 0, 0, 0, 0, 0, 0, 0, 0, 0, 0, 0, 0, 0, 0, 0, 0, 0, 0, 0, 0, 0
0, 0, 0, 0, 0, 0, 0, 0, 0, 0, 0, 12, 82, f, f, t, t, 21.11.2020, 0, 0, 0, 0, 0, 0, 0, 0, 0, 0, 0, 0, 0, 0, 0, 0, 0, 0, 0, 0, 0, 0
0, 0, 0, 0, 0, 0, 0, 0, 0, 0, 0, 12, 83, f, f, t, t, 22.11.2020, 0, 0, 0, 0, 0, 0, 0, 0, 0, 0, 0, 0, 0, 0, 0, 0, 0, 0, 0, 0, 0, 0
0, 0, 0, 0, 0, 0, 0, 0, 0, 0, 0, 13, 84, f, f, f, f, 23.11.2020, 0, 0, 0, 0, 0, 0, 0, 0, 0, 0, 0, 0, 0, 0, 0, 0, 0, 0, 0, 0, 0, 0
0, 0, 0, 0, 0, 0, 0, 0, 0, 0, 0, 13, 85, f, f, f, f, 24.11.2020, 0, 0, 0, 0, 0, 0, 0, 0, 0, 0, 0, 0, 0, 0, 0, 0, 0, 0, 0, 0, 0, 0
0, 0, 0, 0, 0, 0, 0, 0, 0, 0, 0, 13, 86, f, f, t, t, 25.11.2020, 0, 0, 0, 0, 0, 0, 0, 0, 0, 0, 0, 0, 0, 0, 0, 0, 0, 0, 0, 0, 0, 0
0, 0, 0, 0, 0, 0, 0, 0, 0, 0, 0, 13, 87, f, f, t, t, 26.11.2020, 0, 0, 0, 0, 0, 0, 0, 0, 0, 0, 0, 0, 0, 0, 0, 0, 0, 0, 0, 0, 0, 0
0, 0, 0, 0, 0, 0, 0, 0, 0, 0, 0, 13, 88, f, f, f, f, 27.11.2020, 0, 0, 0, 0, 0, 0, 0, 0, 0, 0, 0, 0, 0, 0, 0, 0, 0, 0, 0, 0, 0, 0
0, 0, 0, 0, 0, 0, 0, 0, 0, 0, 0, 13, 89, f, f, t, t, 28.11.2020, 0, 0, 0, 0, 0, 0, 0, 0, 0, 0, 0, 0, 0, 0, 0, 0, 0, 0, 0, 0, 0, 0
0, 0, 0, 0, 0, 0, 0, 0, 0, 0, 0, 13, 90, f, f, t, t, 29.11.2020, 0, 0, 0, 0, 0, 0, 0, 0, 0, 0, 0, 0, 0, 0, 0, 0, 0, 0, 0, 0, 0, 0
0, 0, 0, 0, 0, 0, 0, 0, 0, 0, 0, 14, 91, f, f, f, f, 30.11.2020, 0, 0, 0, 0, 0, 0, 0, 0, 0, 0, 0, 0, 0, 0, 0, 0, 0, 0, 0, 0, 0, 0
0, 0, 0, 0, 0, 0, 0, 0, 0, 0, 0, 14, 92, f, f, f, f, 01.12.2020, 0, 0, 0, 0, 0, 0, 0, 0, 0, 0, 0, 0, 0, 0, 0, 0, 0, 0, 0, 0, 0, 0
0, 0, 0, 0, 0, 0, 0, 0, 0, 0, 0, 14, 93, f, f, f, f, 02.12.2020, 0, 0, 0, 0, 0, 0, 0, 0, 0, 0, 0, 0, 0, 0, 0, 0, 0, 0, 0, 0, 0, 0
0, 0, 0, 0, 0, 0, 0, 0, 0, 0, 0, 14, 94, f, f, f, f, 03.12.2020, 0, 0, 0, 0, 0, 0, 0, 0, 0, 0, 0, 0, 0, 0, 0, 0, 0, 0, 0, 0, 0, 0
0, 0, 0, 0, 0, 0, 0, 0, 0, 0, 0, 14, 95, f, f, f, f, 04.12.2020, 0, 0, 0, 0, 0, 0, 0, 0, 0, 0, 0, 0, 0, 0, 0, 0, 0, 0, 0, 0, 0, 0
0, 0, 0, 0, 0, 0, 0, 0, 0, 0, 0, 14, 96, f, f, t, t, 05.12.2020, 0, 0, 0, 0, 0, 0, 0, 0, 0, 0, 0, 0, 0, 0, 0, 0, 0, 0, 0, 0, 0, 0
0, 0, 0, 0, 0, 0, 0, 0, 0, 0, 0, 14, 97, f, t, t, t, 06.12.2020, 0, 0, 0, 0, 0, 0, 0, 0, 0, 0, 0, 0, 0, 0, 0, 0, 0, 0, 0, 0, 0, 0
0, 0, 0, 0, 0, 0, 0, 0, 0, 0, 0, 15, 98, f, f, f, f, 07.12.2020, 0, 0, 0, 0, 0, 0, 0, 0, 0, 0, 0, 0, 0, 0, 0, 0, 0, 0, 0, 0, 0, 0
0, 0, 0, 0, 0, 0, 0, 0, 0, 0, 0, 15, 99, f, t, f, f, 08.12.2020, 0, 0, 0, 0, 0, 0, 0, 0, 0, 0, 0, 0, 0, 0, 0, 0, 0, 0, 0, 0, 0, 0
0, 0, 0, 0, 0, 0, 0, 0, 0, 0, 0, 15, 100, f, f, f, f, 09.12.2020, 0, 0, 0, 0, 0, 0, 0, 0, 0, 0, 0, 0, 0, 0, 0, 0, 0, 0, 0, 0, 0, 0
0, 0, 0, 0, 0, 0, 0, 0, 0, 0, 0, 15, 101, f, f, f, f, 10.12.2020, 0, 0, 0, 0, 0, 0, 0, 0, 0, 0, 0, 0, 0, 0, 0, 0, 0, 0, 0, 0, 0, 0
0, 0, 0, 0, 0, 0, 0, 0, 0, 0, 0, 15, 102, f, f, f, f, 11.12.2020, 0, 0, 0, 0, 0, 0, 0, 0, 0, 0, 0, 0, 0, 0, 0, 0, 0, 0, 0, 0, 0, 0
0, 0, 0, 0, 0, 0, 0, 0, 0, 0, 0, 15, 103, f, f, t, t, 12.12.2020, 0, 0, 0, 0, 0, 0, 0, 0, 0, 0, 0, 0, 0, 0, 0, 0, 0, 0, 0, 0, 0, 0
0, 0, 0, 0, 0, 0, 0, 0, 0, 0, 0, 15, 104, f, f, t, t, 13.12.2020, 0, 0, 0, 0, 0, 0, 0, 0, 0, 0, 0, 0, 0, 0, 0, 0, 0, 0, 0, 0, 0, 0
0, 0, 0, 0, 0, 0, 0, 0, 0, 0, 0, 16, 105, f, f, f, f, 14.12.2020, 0, 0, 0, 0, 0, 0, 0, 0, 0, 0, 0, 0, 0, 0, 0, 0, 0, 0, 0, 0, 0, 0
0, 0, 0, 0, 0, 0, 0, 0, 0, 0, 0, 16, 106, f, f, f, f, 15.12.2020, 0, 0, 0, 0, 0, 0, 0, 0, 0, 0, 0, 0, 0, 0, 0, 0, 0, 0, 0, 0, 0, 0
0, 0, 0, 0, 0, 0, 0, 0, 0, 0, 0, 16, 107, f, f, f, f, 16.12.2020, 0, 0, 0, 0, 0, 0, 0, 0, 0, 0, 0, 0, 0, 0, 0, 0, 0, 0, 0, 0, 0, 0
0, 0, 0, 0, 0, 0, 0, 0, 0, 0, 0, 16, 108, f, f, f, f, 17.12.2020, 0, 0, 0, 0, 0, 0, 0, 0, 0, 0, 0, 0, 0, 0, 0, 0, 0, 0, 0, 0, 0, 0
0, 0, 0, 0, 0, 0, 0, 0, 0, 0, 0, 16, 109, f, f, f, f, 18.12.2020, 0, 0, 0, 0, 0, 0, 0, 0, 0, 0, 0, 0, 0, 0, 0, 0, 0, 0, 0, 0, 0, 0
0, 0, 0, 0, 0, 0, 0, 0, 0, 0, 0, 16, 110, f, f, t, t, 19.12.2020, 0, 0, 0, 0, 0, 0, 0, 0, 50, 50, 50, 50, 50, 50, 50, 50, 50, 50, 50, 50, 50, 50
0, 0, 0, 0, 0, 0, 0, 0, 0, 0, 0, 16, 111, f, f, t, t, 20.12.2020, 0, 0, 0, 0, 0, 0, 0, 0, 50, 50, 50, 50, 50, 50, 50, 50, 50, 50, 50, 50, 50, 50
0, 0, 0, 0, 0, 0, 0, 0, 0, 0, 0, 17, 112, f, f, f, f, 21.12.2020, 0, 0, 0, 0, 0, 0, 0, 0, 50, 50, 50, 50, 50, 50, 50, 50, 50, 50, 50, 50, 50, 50
0, 0, 0, 0, 0, 0, 0, 0, 0, 0, 0, 17, 113, f, f, f, f, 22.12.2020, 0, 0, 0, 0, 0, 0, 0, 0, 50, 50, 50, 50, 50, 50, 50, 50, 50, 50, 50, 50, 50, 50
0, 0, 0, 0, 0, 0, 0, 0, 0, 0, 0, 17, 114, f, f, f, f, 23.12.2020, 0, 0, 0, 0, 0, 0, 0, 0, 50, 50, 50, 50, 50, 50, 50, 50, 50, 50, 50, 50, 50, 50
0, 0, 0, 0, 0, 0, 0, 0, 0, 0, 0, 17, 115, f, f, f, f, 24.12.2020, 0, 0, 0, 0, 0, 0, 0, 0, 50, 50, 50, 50, 50, 50, 50, 50, 50, 50, 50, 50, 50, 50
0, 0, 0, 0, 0, 0, 0, 0, 0, 0, 0, 17, 116, f, t, f, f, 25.12.2020, 0, 0, 0, 0, 0, 0, 0, 0, 50, 50, 50, 50, 50, 50, 50, 50, 50, 50, 50, 50, 50, 50
0, 0, 0, 0, 0, 0, 0, 0, 0, 0, 0, 17, 117, f, f, t, t, 26.12.2020, 0, 0, 0, 0, 0, 0, 0, 0, 50, 50, 50, 50, 50, 50, 50, 50, 50, 50, 50, 50, 50, 50
0, 0, 0, 0, 0, 0, 0, 0, 0, 0, 0, 17, 118, f, f, t, t, 27.12.2020, 0, 0, 0, 0, 0, 0, 0, 0, 50, 50, 50, 50, 50, 50, 50, 50, 50, 50, 50, 50, 50, 50
0, 0, 0, 0, 0, 0, 0, 0, 0, 0, 0, 18, 119, f, f, f, f, 28.12.2020, 0, 0, 0, 0, 0, 0, 0, 0, 50, 50, 50, 50, 50, 50, 50, 50, 50, 50, 50, 50, 50, 50
0, 0, 0, 0, 0, 0, 0, 0, 0, 0, 0, 18, 120, f, f, f, f, 29.12.2020, 0, 0, 0, 0, 0, 0, 0, 0, 50, 50, 50, 50, 50, 50, 50, 50, 50, 50, 50, 50, 50, 50
0, 0, 0, 0, 0, 0, 0, 0, 0, 0, 0, 18, 121, f, f, f, f, 30.12.2020, 0, 0, 0, 0, 0, 0, 0, 0, 50, 50, 50, 50, 50, 50, 50, 50, 50, 50, 50, 50, 50, 50
0, 0, 0, 0, 0, 0, 0, 0, 0, 0, 0, 18, 122, f, f, f, f, 31.12.2020, 0, 0, 0, 0, 0, 0, 0, 0, 50, 50, 50, 50, 50, 50, 50, 50, 50, 50, 50, 50, 50, 50
0, 0, 0, 0, 0, 0, 0, 0, 0, 0, 0, 18, 123, t, t, t, t, 01.01.2021, 0, 0, 0, 0, 0, 0, 0, 0, 563, 207, 748, 577, 762, 563, 720, 605, 150, 335, 421, 235, 207, 292
1, 520, 1, 0, 0, 0, 0, 0, 0, 0, 0, 18, 124, f, f, t, t, 02.01.2021, 0, 0, 0, 0, 0, 0, 0, 0, 563, 207, 748, 577, 762, 563, 720, 605, 150, 335, 421, 235, 207, 292
1, 520, 1, 0, 0, 0, 0, 0, 0, 0, 0, 18, 125, f, f, t, t, 03.01.2021, 0, 0, 0, 0, 0, 0, 0, 0, 563, 207, 748, 577, 762, 563, 720, 605, 150, 335, 421, 235, 207, 292
1, 520, 1, 111, 65, 37, 43, 28, 41, 52, 50, 19, 126, f, f, f, f, 04.01.2021, 0, 0, 0, 0, 0, 0, 0, 0, 446, 166, 594, 462, 610, 446, 562, 494, 122, 270, 326, 198, 166, 242
1, 520, 1, 111, 55, 37, 25, 18, 29, 44, 48, 19, 127, f, f, f, f, 05.01.2021, 111, 65, 37, 43, 28, 41, 52, 50, 347, 137, 458, 359, 470, 347, 434, 383, 104, 215, 257, 161, 137, 194
1, 520, 1, 111, 55, 37, 25, 18, 29, 44, 48, 19, 128, f, t, t, f, 06.01.2021, 222, 120, 74, 68, 46, 70, 96, 98, 248, 108, 322, 256, 330, 248, 306, 272, 86, 160, 188, 124, 108, 146
1, 520, 1, 111, 55, 37, 25, 18, 29, 44, 48, 19, 129, f, f, f, f, 07.01.2021, 333, 175, 111, 93, 64, 99, 140, 146, 149, 79, 186, 153, 190, 149, 178, 161, 68, 105, 119, 87, 79, 98
1, 520, 1, 111, 55, 37, 25, 18, 29, 44, 48, 19, 130, f, f, f, f, 08.01.2021, 444, 230, 148, 118, 82, 128, 184, 194, 50, 50, 50, 50, 50, 50, 50, 50, 50, 50, 50, 50, 50, 50
0, 0, 0, 0, 0, 0, 0, 0, 0, 0, 0, 19, 131, f, f, t, t, 09.01.2021, 111, 55, 37, 25, 18, 29, 44, 48, 545, 195, 730, 565, 750, 545, 690, 605, 140, 325, 395, 235, 195, 290
0, 0, 0, 0, 0, 0, 0, 0, 0, 0, 0, 19, 132, f, f, t, t, 10.01.2021, 111, 55, 37, 25, 18, 29, 44, 48, 545, 195, 730, 565, 750, 545, 690, 605, 140, 325, 395, 235, 195, 290
1, 520, 1, 111, 55, 37, 25, 18, 29, 44, 48, 20, 133, f, f, f, f, 11.01.2021, 111, 55, 37, 25, 18, 29, 44, 48, 446, 166, 594, 462, 610, 446, 562, 494, 122, 270, 326, 198, 166, 242
1, 520, 1, 111, 55, 37, 25, 18, 29, 44, 48, 20, 134, f, f, f, f, 12.01.2021, 222, 110, 74, 50, 36, 58, 88, 96, 347, 137, 458, 359, 470, 347, 434, 383, 104, 215, 257, 161, 137, 194
1, 520, 1, 111, 55, 37, 25, 18, 29, 44, 48, 20, 135, f, f, f, f, 13.01.2021, 333, 165, 111, 75, 54, 87, 132, 144, 248, 108, 322, 256, 330, 248, 306, 272, 86, 160, 188, 124, 108, 146
1, 520, 1, 111, 55, 37, 25, 18, 29, 44, 48, 20, 136, f, f, f, f, 14.01.2021, 444, 220, 148, 100, 72, 116, 176, 192, 149, 79, 186, 153, 190, 149, 178, 161, 68, 105, 119, 87, 79, 98
1, 520, 1, 111, 55, 37, 25, 18, 29, 44, 48, 20, 137, f, f, f, f, 15.01.2021, 555, 275, 185, 125, 90, 145, 220, 240, 50, 50, 50, 50, 50, 50, 50, 50, 50, 50, 50, 50, 50, 50
0, 0, 0, 0, 0, 0, 0, 0, 0, 0, 0, 20, 138, f, f, t, t, 16.01.2021, 111, 55, 37, 25, 18, 29, 44, 48, 545, 195, 730, 565, 750, 545, 690, 605, 140, 325, 395, 235, 195, 290
0, 0, 0, 0, 0, 0, 0, 0, 0, 0, 0, 20, 139, f, f, t, t, 17.01.2021, 111, 55, 37, 25, 18, 29, 44, 48, 545, 195, 730, 565, 750, 545, 690, 605, 140, 325, 395, 235, 195, 290
1, 520, 1, 111, 55, 37, 25, 18, 29, 44, 48, 21, 140, f, f, f, f, 18.01.2021, 111, 55, 37, 25, 18, 29, 44, 48, 446, 166, 594, 462, 610, 446, 562, 494, 122, 270, 326, 198, 166, 242
1, 520, 1, 111, 55, 37, 25, 18, 29, 44, 48, 21, 141, f, f, f, f, 19.01.2021, 222, 110, 74, 50, 36, 58, 88, 96, 347, 137, 458, 359, 470, 347, 434, 383, 104, 215, 257, 161, 137, 194
1, 520, 1, 111, 55, 37, 25, 18, 29, 44, 48, 21, 142, f, f, f, f, 20.01.2021, 333, 165, 111, 75, 54, 87, 132, 144, 248, 108, 322, 256, 330, 248, 306, 272, 86, 160, 188, 124, 108, 146
1, 520, 1, 111, 55, 37, 25, 18, 29, 44, 48, 21, 143, f, f, f, f, 21.01.2021, 444, 220, 148, 100, 72, 116, 176, 192, 149, 79, 186, 153, 190, 149, 178, 161, 68, 105, 119, 87, 79, 98
1, 520, 1, 111, 55, 37, 25, 18, 29, 44, 48, 21, 144, f, f, f, f, 22.01.2021, 555, 275, 185, 125, 90, 145, 220, 240, 50, 50, 50, 50, 50, 50, 50, 50, 50, 50, 50, 50, 50, 50
0, 0, 0, 0, 0, 0, 0, 0, 0, 0, 0, 21, 145, f, f, t, t, 23.01.2021, 111, 55, 37, 25, 18, 29, 44, 48, 545, 195, 730, 565, 750, 545, 690, 605, 140, 325, 395, 235, 195, 290
0, 0, 0, 0, 0, 0, 0, 0, 0, 0, 0, 21, 146, f, f, t, t, 24.01.2021, 111, 55, 37, 25, 18, 29, 44, 48, 545, 195, 730, 565, 750, 545, 690, 605, 140, 325, 395, 235, 195, 290
1, 520, 1, 111, 55, 37, 25, 18, 29, 44, 48, 22, 147, f, f, f, f, 25.01.2021, 111, 55, 37, 25, 18, 29, 44, 48, 446, 166, 594, 462, 610, 446, 562, 494, 122, 270, 326, 198, 166, 242
1, 520, 1, 111, 55, 37, 25, 18, 29, 44, 48, 22, 148, f, f, f, f, 26.01.2021, 222, 110, 74, 50, 36, 58, 88, 96, 347, 137, 458, 359, 470, 347, 434, 383, 104, 215, 257, 161, 137, 194
1, 520, 1, 111, 55, 37, 25, 18, 29, 44, 48, 22, 149, f, f, f, f, 27.01.2021, 333, 165, 111, 75, 54, 87, 132, 144, 248, 108, 322, 256, 330, 248, 306, 272, 86, 160, 188, 124, 108, 146
1, 520, 1, 111, 55, 37, 25, 18, 29, 44, 48, 22, 150, f, f, f, f, 28.01.2021, 444, 220, 148, 100, 72, 116, 176, 192, 149, 79, 186, 153, 190, 149, 178, 161, 68, 105, 119, 87, 79, 98
1, 520, 1, 111, 55, 37, 25, 18, 29, 44, 48, 22, 151, f, t, f, f, 29.01.2021, 555, 275, 185, 125, 90, 145, 220, 240, 50, 50, 50, 50, 50, 50, 50, 50, 50, 50, 50, 50, 50, 50
0, 0, 0, 0, 0, 0, 0, 0, 0, 0, 0, 22, 152, f, f, t, t, 30.01.2021, 111, 55, 37, 25, 18, 29, 44, 48, 806, 274, 843, 810, 865, 806, 1012, 641, 197, 457, 583, 328, 274, 403
0, 0, 0, 0, 0, 0, 0, 0, 0, 0, 0, 22, 153, f, f, t, t, 31.01.2021, 111, 55, 37, 25, 18, 29, 44, 48, 806, 274, 843, 810, 865, 806, 1012, 641, 197, 457, 583, 328, 274, 403
1, 520, 1, 127, 75, 58, 50, 39, 48, 67, 65, 23, 154, f, f, f, f, 01.02.2021, 111, 55, 37, 25, 18, 29, 44, 48, 642, 226, 666, 670, 690, 642, 822, 514, 158, 382, 466, 270, 226, 338
1, 520, 1, 116, 83, 55, 38, 27, 44, 66, 72, 23, 155, f, f, f, f, 02.02.2021, 238, 130, 95, 75, 57, 77, 111, 113, 494, 182, 512, 515, 530, 494, 629, 398, 131, 299, 362, 215, 182, 266
1, 520, 1, 116, 83, 55, 38, 27, 44, 66, 72, 23, 156, f, f, f, f, 03.02.2021, 354, 213, 150, 113, 84, 121, 177, 185, 346, 138, 358, 360, 370, 346, 436, 282, 104, 216, 258, 160, 138, 194
1, 520, 1, 116, 83, 55, 38, 27, 44, 66, 72, 23, 157, f, f, f, f, 04.02.2021, 470, 296, 205, 151, 111, 165, 243, 257, 198, 94, 204, 205, 210, 198, 243, 166, 77, 133, 154, 105, 94, 122
1, 520, 1, 116, 83, 55, 38, 27, 44, 66, 72, 23, 158, f, f, f, f, 05.02.2021, 586, 379, 260, 189, 138, 209, 309, 329, 50, 50, 50, 50, 50, 50, 50, 50, 50, 50, 50, 50, 50, 50
1, 520, 1, 0, 0, 0, 0, 0, 0, 0, 0, 23, 159, f, f, t, t, 06.02.2021, 116, 83, 55, 38, 27, 44, 66, 72, 811, 274, 1824, 848, 1853, 811, 1043, 1629, 188, 478, 586, 332, 274, 420
1, 520, 1, 0, 0, 0, 0, 0, 0, 0, 0, 23, 160, f, f, t, t, 07.02.2021, 116, 83, 55, 38, 27, 44, 66, 72, 811, 274, 1824, 848, 1853, 811, 1043, 1629, 188, 478, 586, 332, 274, 420
3, 1560, 3, 1115, 96, 62, 43, 30, 48, 77, 82, 24, 161, f, f, f, f, 08.02.2021, 116, 83, 55, 38, 27, 44, 66, 72, 642, 226, 666, 670, 690, 642, 822, 514, 158, 382, 466, 270, 226, 338
1, 520, 1, 116, 83, 55, 38, 27, 44, 66, 72, 24, 162, f, f, f, f, 09.02.2021, 1231, 179, 117, 81, 57, 92, 143, 154, 494, 182, 512, 515, 530, 494, 629, 398, 131, 299, 362, 215, 182, 266
1, 520, 1, 116, 83, 55, 38, 27, 44, 66, 72, 24, 163, f, f, f, f, 10.02.2021, 1347, 262, 172, 119, 84, 136, 209, 226, 346, 138, 358, 360, 370, 346, 436, 282, 104, 216, 258, 160, 138, 194
1, 520, 1, 116, 83, 55, 38, 27, 44, 66, 72, 24, 164, t, f, f, f, 11.02.2021, 1463, 345, 227, 157, 111, 180, 275, 298, 198, 94, 204, 205, 210, 198, 243, 166, 77, 133, 154, 105, 94, 122
1, 520, 1, 116, 83, 55, 38, 27, 44, 66, 72, 24, 165, t, f, f, f, 12.02.2021, 1579, 428, 282, 195, 138, 224, 341, 370, 50, 50, 50, 50, 50, 50, 50, 50, 50, 50, 50, 50, 50, 50
0, 0, 0, 0, 0, 0, 0, 0, 0, 0, 0, 24, 166, t, f, t, t, 13.02.2021, 116, 83, 55, 38, 27, 44, 66, 72, 790, 270, 820, 825, 850, 790, 1015, 630, 185, 465, 570, 325, 270, 410
0, 0, 0, 0, 0, 0, 0, 0, 0, 0, 0, 24, 167, t, f, t, t, 14.02.2021, 116, 83, 55, 38, 27, 44, 66, 72, 790, 270, 820, 825, 850, 790, 1015, 630, 185, 465, 570, 325, 270, 410
1, 520, 1, 116, 83, 55, 38, 27, 44, 66, 72, 25, 168, t, f, f, f, 15.02.2021, 116, 83, 55, 38, 27, 44, 66, 72, 642, 226, 666, 670, 690, 642, 822, 514, 158, 382, 466, 270, 226, 338
1, 520, 1, 116, 83, 55, 38, 27, 44, 66, 72, 25, 169, t, f, f, f, 16.02.2021, 232, 166, 110, 76, 54, 88, 132, 144, 494, 182, 512, 515, 530, 494, 629, 398, 131, 299, 362, 215, 182, 266
1, 520, 1, 116, 83, 55, 38, 27, 44, 66, 72, 25, 170, t, f, f, f, 17.02.2021, 348, 249, 165, 114, 81, 132, 198, 216, 346, 138, 358, 360, 370, 346, 436, 282, 104, 216, 258, 160, 138, 194
1, 520, 1, 116, 83, 55, 38, 27, 44, 66, 72, 25, 171, f, f, f, f, 18.02.2021, 464, 332, 220, 152, 108, 176, 264, 288, 198, 94, 204, 205, 210, 198, 243, 166, 77, 133, 154, 105, 94, 122
1, 520, 1, 116, 83, 55, 38, 27, 44, 66, 72, 25, 172, f, f, f, f, 19.02.2021, 580, 415, 275, 190, 135, 220, 330, 360, 50, 50, 50, 50, 50, 50, 50, 50, 50, 50, 50, 50, 50, 50
0, 0, 0, 0, 0, 0, 0, 0, 0, 0, 0, 25, 173, f, f, t, t, 20.02.2021, 116, 83, 55, 38, 27, 44, 66, 72, 790, 270, 820, 825, 850, 790, 1015, 630, 185, 465, 570, 325, 270, 410
0, 0, 0, 0, 0, 0, 0, 0, 0, 0, 0, 25, 174, f, f, t, t, 21.02.2021, 116, 83, 55, 38, 27, 44, 66, 72, 790, 270, 820, 825, 850, 790, 1015, 630, 185, 465, 570, 325, 270, 410
1, 520, 1, 116, 83, 55, 38, 27, 44, 66, 72, 26, 175, f, f, f, f, 22.02.2021, 116, 83, 55, 38, 27, 44, 66, 72, 642, 226, 666, 670, 690, 642, 822, 514, 158, 382, 466, 270, 226, 338
1, 520, 1, 116, 83, 55, 38, 27, 44, 66, 72, 26, 176, f, f, f, f, 23.02.2021, 232, 166, 110, 76, 54, 88, 132, 144, 494, 182, 512, 515, 530, 494, 629, 398, 131, 299, 362, 215, 182, 266
1, 520, 1, 116, 83, 55, 38, 27, 44, 66, 72, 26, 177, f, f, f, f, 24.02.2021, 348, 249, 165, 114, 81, 132, 198, 216, 346, 138, 358, 360, 370, 346, 436, 282, 104, 216, 258, 160, 138, 194
1, 520, 1, 116, 83, 55, 38, 27, 44, 66, 72, 26, 178, f, f, f, f, 25.02.2021, 464, 332, 220, 152, 108, 176, 264, 288, 198, 94, 204, 205, 210, 198, 243, 166, 77, 133, 154, 105, 94, 122
1, 520, 1, 116, 83, 55, 38, 27, 44, 66, 72, 26, 179, f, f, f, f, 26.02.2021, 580, 415, 275, 190, 135, 220, 330, 360, 50, 50, 50, 50, 50, 50, 50, 50, 50, 50, 50, 50, 50, 50
0, 0, 0, 0, 0, 0, 0, 0, 0, 0, 0, 26, 180, f, f, t, t, 27.02.2021, 116, 83, 55, 38, 27, 44, 66, 72, 1034, 352, 1170, 1022, 1206, 1034, 1288, 904, 245, 567, 741, 414, 352, 505
0, 0, 0, 0, 0, 0, 0, 0, 0, 0, 0, 26, 181, f, f, t, t, 28.02.2021, 116, 83, 55, 38, 27, 44, 66, 72, 1034, 352, 1170, 1022, 1206, 1034, 1288, 904, 245, 567, 741, 414, 352, 505
1, 520, 1, 178, 113, 80, 58, 43, 66, 93, 99, 27, 182, f, f, f, f, 01.03.2021, 116, 83, 55, 38, 27, 44, 66, 72, 818, 286, 934, 810, 962, 818, 1018, 726, 202, 454, 590, 334, 286, 406
1, 520, 1, 169, 101, 71, 52, 38, 59, 83, 89, 27, 183, f, f, f, f, 02.03.2021, 294, 196, 135, 96, 70, 110, 159, 171, 626, 227, 713, 620, 734, 626, 776, 557, 164, 353, 455, 263, 227, 317
1, 520, 1, 169, 101, 71, 52, 38, 59, 83, 89, 27, 184, f, f, f, f, 03.03.2021, 463, 297, 206, 148, 108, 169, 242, 260, 434, 168, 492, 430, 506, 434, 534, 388, 126, 252, 320, 192, 168, 228
1, 520, 1, 169, 101, 71, 52, 38, 59, 83, 89, 27, 185, f, f, f, f, 04.03.2021, 632, 398, 277, 200, 146, 228, 325, 349, 242, 109, 271, 240, 278, 242, 292, 219, 88, 151, 185, 121, 109, 139
1, 520, 1, 169, 101, 71, 52, 38, 59, 83, 89, 27, 186, f, t, f, f, 05.03.2021, 801, 499, 348, 252, 184, 287, 408, 438, 50, 50, 50, 50, 50, 50, 50, 50, 50, 50, 50, 50, 50, 50
1, 520, 1, 0, 0, 0, 0, 0, 0, 0, 0, 27, 187, f, f, t, t, 06.03.2021, 169, 101, 71, 52, 38, 59, 83, 89, 1565, 461, 2902, 1788, 2960, 1565, 2141, 2549, 286, 995, 1119, 613, 461, 843
1, 520, 1, 0, 0, 0, 0, 0, 0, 0, 0, 27, 188, f, f, t, t, 07.03.2021, 169, 101, 71, 52, 38, 59, 83, 89, 1565, 461, 2902, 1788, 2960, 1565, 2141, 2549, 286, 995, 1119, 613, 461, 843
3, 1560, 3, 1067, 101, 71, 52, 38, 59, 83, 89, 28, 189, t, f, f, f, 08.03.2021, 169, 101, 71, 52, 38, 59, 83, 89, 1373, 402, 1783, 1598, 1834, 1373, 1899, 1482, 248, 894, 984, 542, 402, 754
3, 1560, 3, 925, 243, 71, 52, 38, 59, 83, 89, 28, 190, f, f, f, f, 09.03.2021, 1236, 202, 142, 104, 76, 118, 166, 178, 1181, 343, 806, 1266, 850, 1181, 1515, 557, 210, 651, 849, 471, 343, 665
3, 1560, 3, 169, 399, 279, 145, 84, 175, 220, 89, 28, 191, f, f, f, f, 10.03.2021, 2161, 445, 213, 156, 114, 177, 249, 267, 598, 168, 492, 778, 506, 598, 882, 388, 126, 252, 484, 192, 168, 576
3, 1560, 3, 169, 101, 71, 52, 38, 59, 247, 437, 28, 192, f, f, f, f, 11.03.2021, 2330, 844, 492, 301, 198, 352, 469, 356, 242, 109, 271, 240, 278, 242, 292, 219, 88, 151, 185, 121, 109, 139
2, 1040, 2, 169, 101, 71, 52, 38, 59, 83, 89, 28, 193, f, f, f, f, 12.03.2021, 2499, 945, 563, 353, 236, 411, 716, 793, 50, 50, 50, 50, 50, 50, 50, 50, 50, 50, 50, 50, 50, 50
0, 0, 0, 0, 0, 0, 0, 0, 0, 0, 0, 28, 194, f, f, t, t, 13.03.2021, 169, 101, 71, 52, 38, 59, 83, 89, 1010, 345, 1155, 1000, 1190, 1010, 1260, 895, 240, 555, 725, 405, 345, 495
0, 0, 0, 0, 0, 0, 0, 0, 0, 0, 0, 28, 195, f, f, t, t, 14.03.2021, 169, 101, 71, 52, 38, 59, 83, 89, 1010, 345, 1155, 1000, 1190, 1010, 1260, 895, 240, 555, 725, 405, 345, 495
2, 1040, 2, 169, 101, 71, 52, 38, 59, 83, 89, 29, 196, f, f, f, f, 15.03.2021, 169, 101, 71, 52, 38, 59, 83, 89, 818, 286, 934, 810, 962, 818, 1018, 726, 202, 454, 590, 334, 286, 406
2, 1040, 2, 169, 101, 71, 52, 38, 59, 83, 89, 29, 197, f, f, f, f, 16.03.2021, 338, 202, 142, 104, 76, 118, 166, 178, 626, 227, 713, 620, 734, 626, 776, 557, 164, 353, 455, 263, 227, 317
2, 1040, 2, 169, 101, 71, 52, 38, 59, 83, 89, 29, 198, f, f, f, f, 17.03.2021, 507, 303, 213, 156, 114, 177, 249, 267, 434, 168, 492, 430, 506, 434, 534, 388, 126, 252, 320, 192, 168, 228
2, 1040, 2, 169, 101, 71, 52, 38, 59, 83, 89, 29, 199, f, f, f, f, 18.03.2021, 676, 404, 284, 208, 152, 236, 332, 356, 242, 109, 271, 240, 278, 242, 292, 219, 88, 151, 185, 121, 109, 139
2, 1040, 2, 169, 101, 71, 52, 38, 59, 83, 89, 29, 200, f, f, f, f, 19.03.2021, 845, 505, 355, 260, 190, 295, 415, 445, 50, 50, 50, 50, 50, 50, 50, 50, 50, 50, 50, 50, 50, 50
0, 0, 0, 0, 0, 0, 0, 0, 0, 0, 0, 29, 201, f, f, t, t, 20.03.2021, 169, 101, 71, 52, 38, 59, 83, 89, 1010, 345, 1155, 1000, 1190, 1010, 1260, 895, 240, 555, 725, 405, 345, 495
0, 0, 0, 0, 0, 0, 0, 0, 0, 0, 0, 29, 202, f, f, t, t, 21.03.2021, 169, 101, 71, 52, 38, 59, 83, 89, 1010, 345, 1155, 1000, 1190, 1010, 1260, 895, 240, 555, 725, 405, 345, 495
2, 1040, 2, 169, 101, 71, 52, 38, 59, 83, 89, 30, 203, f, f, f, f, 22.03.2021, 169, 101, 71, 52, 38, 59, 83, 89, 818, 286, 934, 810, 962, 818, 1018, 726, 202, 454, 590, 334, 286, 406
2, 1040, 2, 169, 101, 71, 52, 38, 59, 83, 89, 30, 204, f, f, f, f, 23.03.2021, 338, 202, 142, 104, 76, 118, 166, 178, 626, 227, 713, 620, 734, 626, 776, 557, 164, 353, 455, 263, 227, 317
2, 1040, 2, 169, 101, 71, 52, 38, 59, 83, 89, 30, 205, f, f, f, f, 24.03.2021, 507, 303, 213, 156, 114, 177, 249, 267, 434, 168, 492, 430, 506, 434, 534, 388, 126, 252, 320, 192, 168, 228
2, 1040, 2, 169, 101, 71, 52, 38, 59, 83, 89, 30, 206, f, f, f, f, 25.03.2021, 676, 404, 284, 208, 152, 236, 332, 356, 242, 109, 271, 240, 278, 242, 292, 219, 88, 151, 185, 121, 109, 139
2, 1040, 2, 169, 101, 71, 52, 38, 59, 83, 89, 30, 207, f, f, f, f, 26.03.2021, 845, 505, 355, 260, 190, 295, 415, 445, 50, 50, 50, 50, 50, 50, 50, 50, 50, 50, 50, 50, 50, 50
0, 0, 0, 0, 0, 0, 0, 0, 0, 0, 0, 30, 208, f, f, t, t, 27.03.2021, 169, 101, 71, 52, 38, 59, 83, 89, 990, 342, 1134, 976, 1164, 990, 1238, 872, 234, 540, 723, 395, 342, 486
0, 0, 0, 0, 0, 0, 0, 0, 0, 0, 0, 30, 209, f, f, t, t, 28.03.2021, 169, 101, 71, 52, 38, 59, 83, 89, 990, 342, 1134, 976, 1164, 990, 1238, 872, 234, 540, 723, 395, 342, 486
2, 1040, 2, 169, 101, 71, 52, 38, 59, 83, 89, 31, 210, f, f, f, f, 29.03.2021, 169, 101, 71, 52, 38, 59, 83, 89, 798, 283, 913, 786, 936, 798, 996, 703, 196, 439, 588, 324, 283, 397
2, 1040, 2, 169, 101, 71, 52, 38, 59, 83, 89, 31, 211, f, f, f, f, 30.03.2021, 338, 202, 142, 104, 76, 118, 166, 178, 606, 224, 692, 596, 708, 606, 754, 534, 158, 338, 453, 253, 224, 308
2, 1040, 2, 169, 101, 71, 52, 38, 59, 83, 89, 31, 212, f, f, f, f, 31.03.2021, 507, 303, 213, 156, 114, 177, 249, 267, 414, 165, 471, 406, 480, 414, 512, 365, 120, 237, 318, 182, 165, 219
1, 520, 1, 315, 187, 132, 106, 70, 115, 162, 169, 31, 213, f, t, f, f, 01.04.2021, 676, 404, 284, 208, 152, 236, 332, 356, 50, 50, 50, 50, 50, 50, 50, 50, 50, 50, 50, 50, 50, 50
1, 520, 1, 0, 0, 0, 0, 0, 0, 0, 0, 31, 214, f, t, t, t, 02.04.2021, 315, 187, 132, 106, 70, 115, 162, 169, 1470, 482, 3042, 1446, 3094, 1470, 1826, 2662, 330, 794, 1042, 578, 482, 702
1, 520, 1, 0, 0, 0, 0, 0, 0, 0, 0, 31, 215, f, f, t, t, 03.04.2021, 315, 187, 132, 106, 70, 115, 162, 169, 1470, 482, 3042, 1446, 3094, 1470, 1826, 2662, 330, 794, 1042, 578, 482, 702
1, 520, 1, 0, 0, 0, 0, 0, 0, 0, 0, 31, 216, f, f, t, t, 04.04.2021, 315, 187, 132, 106, 70, 115, 162, 169, 1470, 482, 3042, 1446, 3094, 1470, 1826, 2662, 330, 794, 1042, 578, 482, 702
0, 0, 0, 0, 0, 0, 0, 0, 0, 0, 0, 32, 217, t, f, t, t, 05.04.2021, 315, 187, 132, 106, 70, 115, 162, 169, 1470, 482, 3042, 1446, 3094, 1470, 1826, 2662, 330, 794, 1042, 578, 482, 702
3, 1560, 3, 653, 186, 132, 95, 70, 108, 153, 163, 32, 218, f, f, f, f, 06.04.2021, 315, 187, 132, 106, 70, 115, 162, 169, 1115, 374, 2294, 1097, 2333, 1115, 1382, 2009, 260, 608, 794, 446, 374, 539
3, 1560, 3, 653, 186, 132, 95, 70, 108, 153, 163, 32, 219, f, f, f, f, 07.04.2021, 968, 373, 264, 201, 140, 223, 315, 332, 760, 266, 1546, 748, 1572, 760, 938, 1356, 190, 422, 546, 314, 266, 376
3, 1560, 3, 653, 186, 132, 95, 70, 108, 153, 163, 32, 220, f, f, f, f, 08.04.2021, 1621, 559, 396, 296, 210, 331, 468, 495, 405, 158, 798, 399, 811, 405, 494, 703, 120, 236, 298, 182, 158, 213
3, 1560, 3, 653, 186, 132, 95, 70, 108, 153, 163, 32, 221, f, f, f, f, 09.04.2021, 2274, 745, 528, 391, 280, 439, 621, 658, 50, 50, 50, 50, 50, 50, 50, 50, 50, 50, 50, 50, 50, 50
0, 0, 0, 0, 0, 0, 0, 0, 0, 0, 0, 32, 222, f, f, t, t, 10.04.2021, 653, 186, 132, 95, 70, 108, 153, 163, 1825, 590, 3368, 2217, 3433, 1825, 2692, 2893, 400, 1402, 1290, 710, 590, 865
0, 0, 0, 0, 0, 0, 0, 0, 0, 0, 0, 32, 223, f, f, t, t, 11.04.2021, 653, 186, 132, 95, 70, 108, 153, 163, 1825, 590, 3368, 2217, 3433, 1825, 2692, 2893, 400, 1402, 1290, 710, 590, 865
3, 1560, 3, 653, 186, 132, 95, 70, 108, 153, 163, 33, 224, f, f, f, f, 12.04.2021, 653, 186, 132, 95, 70, 108, 153, 163, 1470, 482, 2620, 1868, 2672, 1470, 2248, 2240, 330, 1216, 1042, 578, 482, 702
3, 1560, 3, 653, 186, 132, 95, 70, 108, 153, 163, 33, 225, f, f, f, f, 13.04.2021, 1306, 372, 264, 190, 140, 216, 306, 326, 1115, 374, 1872, 1519, 1911, 1115, 1804, 1587, 260, 1030, 794, 446, 374, 539
3, 1560, 3, 653, 186, 132, 95, 70, 108, 153, 163, 33, 226, f, f, f, f, 14.04.2021, 1959, 558, 396, 285, 210, 324, 459, 489, 760, 266, 1124, 1170, 1150, 760, 1360, 934, 190, 844, 546, 314, 266, 376
3, 1560, 3, 573, 266, 132, 95, 70, 108, 153, 163, 33, 227, f, f, f, f, 15.04.2021, 2612, 744, 528, 380, 280, 432, 612, 652, 405, 158, 456, 741, 469, 405, 836, 361, 120, 578, 298, 182, 158, 213
3, 1560, 3, 311, 528, 132, 95, 70, 108, 153, 163, 33, 228, f, f, f, f, 16.04.2021, 3185, 1010, 660, 475, 350, 540, 765, 815, 50, 50, 50, 50, 50, 50, 50, 50, 50, 50, 50, 50, 50, 50
0, 0, 0, 0, 0, 0, 0, 0, 0, 0, 0, 33, 229, f, f, t, t, 17.04.2021, 311, 528, 132, 95, 70, 108, 153, 163, 2708, 791, 2241, 2260, 2346, 2708, 2896, 1605, 480, 1277, 1934, 1030, 791, 1033
0, 0, 0, 0, 0, 0, 0, 0, 0, 0, 0, 33, 230, f, f, t, t, 18.04.2021, 311, 528, 132, 95, 70, 108, 153, 163, 2708, 791, 2241, 2260, 2346, 2708, 2896, 1605, 480, 1277, 1934, 1030, 791, 1033
3, 1560, 3, 311, 483, 177, 95, 70, 108, 153, 163, 34, 231, f, f, f, f, 19.04.2021, 311, 528, 132, 95, 70, 108, 153, 163, 2308, 683, 1835, 1614, 1927, 2308, 2155, 1294, 410, 794, 1686, 853, 683, 870
3, 1560, 3, 311, 186, 407, 162, 70, 108, 153, 163, 34, 232, f, f, f, f, 20.04.2021, 622, 1011, 309, 190, 140, 216, 306, 326, 1678, 575, 1362, 1265, 1508, 1678, 1644, 983, 340, 608, 1371, 446, 575, 707
3, 1560, 3, 311, 186, 132, 189, 150, 276, 153, 163, 34, 233, f, f, f, f, 21.04.2021, 933, 1197, 716, 352, 210, 324, 459, 489, 1243, 299, 862, 916, 921, 1243, 1106, 672, 190, 422, 1029, 314, 299, 544
3, 1560, 3, 311, 186, 132, 95, 70, 141, 462, 163, 34, 234, f, f, f, f, 22.04.2021, 1244, 1383, 848, 541, 360, 600, 612, 652, 579, 158, 456, 567, 469, 579, 662, 361, 120, 236, 472, 182, 158, 381
3, 1560, 3, 311, 186, 132, 95, 70, 108, 327, 331, 34, 235, f, t, f, f, 23.04.2021, 1555, 1569, 980, 636, 430, 741, 1074, 815, 50, 50, 50, 50, 50, 50, 50, 50, 50, 50, 50, 50, 50, 50
0, 0, 0, 0, 0, 0, 0, 0, 0, 0, 0, 34, 236, f, f, t, t, 24.04.2021, 311, 186, 132, 95, 70, 108, 327, 331, 1825, 590, 2080, 2209, 2145, 1825, 2684, 1605, 400, 980, 1290, 710, 590, 1279
0, 0, 0, 0, 0, 0, 0, 0, 0, 0, 0, 34, 237, f, f, t, t, 25.04.2021, 311, 186, 132, 95, 70, 108, 327, 331, 1825, 590, 2080, 2209, 2145, 1825, 2684, 1605, 400, 980, 1290, 710, 590, 1279
3, 1560, 3, 311, 186, 132, 95, 70, 108, 153, 505, 35, 238, f, f, f, f, 26.04.2021, 311, 186, 132, 95, 70, 108, 327, 331, 1470, 482, 1674, 1518, 1726, 1470, 1898, 1294, 330, 794, 1042, 578, 482, 774
3, 1560, 3, 311, 186, 132, 95, 70, 108, 153, 235, 35, 239, f, f, f, f, 27.04.2021, 622, 372, 264, 190, 140, 216, 480, 836, 1115, 374, 1268, 1097, 1307, 1115, 1382, 983, 260, 608, 794, 446, 374, 539
3, 1560, 3, 311, 186, 132, 95, 70, 108, 153, 163, 35, 240, f, f, f, f, 28.04.2021, 933, 558, 396, 285, 210, 324, 633, 1071, 760, 266, 862, 748, 888, 760, 938, 672, 190, 422, 546, 314, 266, 376
3, 1560, 3, 311, 186, 132, 95, 70, 108, 153, 163, 35, 241, f, f, f, f, 29.04.2021, 1244, 744, 528, 380, 280, 432, 786, 1234, 405, 158, 456, 399, 469, 405, 494, 361, 120, 236, 298, 182, 158, 213
3, 1560, 3, 311, 186, 132, 95, 70, 108, 153, 163, 35, 242, f, f, f, f, 30.04.2021, 1555, 930, 660, 475, 350, 540, 939, 1397, 50, 50, 50, 50, 50, 50, 50, 50, 50, 50, 50, 50, 50, 50
1, 520, 1, 0, 0, 0, 0, 0, 0, 0, 0, 35, 243, t, t, t, t, 01.05.2021, 311, 186, 132, 95, 70, 108, 153, 163, 1701, 547, 4086, 1666, 4136, 1701, 2113, 3639, 377, 912, 1211, 660, 547, 804
1, 520, 1, 0, 0, 0, 0, 0, 0, 0, 0, 35, 244, f, f, t, t, 02.05.2021, 311, 186, 132, 95, 70, 108, 153, 163, 1701, 547, 4086, 1666, 4136, 1701, 2113, 3639, 377, 912, 1211, 660, 547, 804
3, 1560, 3, 689, 178, 126, 95, 67, 101, 150, 154, 36, 245, f, f, f, f, 03.05.2021, 311, 186, 132, 95, 70, 108, 153, 163, 1358, 446, 3302, 1334, 3346, 1358, 1686, 2950, 310, 734, 966, 534, 446, 650
3, 1560, 3, 725, 171, 121, 88, 65, 99, 141, 150, 36, 246, t, f, f, f, 04.05.2021, 1000, 364, 258, 190, 137, 209, 303, 317, 1031, 347, 2489, 1013, 2522, 1031, 1277, 2225, 245, 563, 737, 413, 347, 500
3, 1560, 3, 725, 171, 121, 88, 65, 99, 141, 150, 36, 247, f, f, f, f, 05.05.2021, 1725, 535, 379, 278, 202, 308, 444, 467, 704, 248, 1676, 692, 1698, 704, 868, 1500, 180, 392, 508, 292, 248, 350
3, 1560, 3, 725, 171, 121, 88, 65, 99, 141, 150, 36, 248, f, f, f, f, 06.05.2021, 2450, 706, 500, 366, 267, 407, 585, 617, 377, 149, 863, 371, 874, 377, 459, 775, 115, 221, 279, 171, 149, 200
3, 1560, 3, 725, 171, 121, 88, 65, 99, 141, 150, 36, 249, f, f, f, f, 07.05.2021, 3175, 877, 621, 454, 332, 506, 726, 767, 50, 50, 50, 50, 50, 50, 50, 50, 50, 50, 50, 50, 50, 50
0, 0, 0, 0, 0, 0, 0, 0, 0, 0, 0, 36, 250, f, f, t, t, 08.05.2021, 725, 171, 121, 88, 65, 99, 141, 150, 1985, 635, 1857, 1963, 1956, 1985, 2449, 1371, 368, 1363, 1383, 820, 635, 650
0, 0, 0, 0, 0, 0, 0, 0, 0, 0, 0, 36, 251, f, f, t, t, 09.05.2021, 725, 171, 121, 88, 65, 99, 141, 150, 1985, 635, 1857, 1963, 1956, 1985, 2449, 1371, 368, 1363, 1383, 820, 635, 650
3, 1560, 3, 463, 433, 121, 88, 65, 99, 141, 150, 37, 252, f, f, f, f, 10.05.2021, 725, 171, 121, 88, 65, 99, 141, 150, 1658, 536, 1306, 1380, 1394, 1658, 1778, 908, 303, 930, 1154, 699, 536, 500
3, 1560, 3, 286, 538, 193, 88, 65, 99, 141, 150, 37, 253, f, f, f, f, 11.05.2021, 1188, 604, 242, 176, 130, 198, 282, 300, 1259, 437, 932, 692, 1009, 1259, 1002, 622, 238, 392, 925, 506, 437, 350
3, 1560, 3, 286, 171, 335, 222, 123, 132, 141, 150, 37, 254, f, f, f, f, 12.05.2021, 1474, 1142, 435, 264, 195, 297, 423, 450, 660, 305, 424, 371, 591, 660, 459, 336, 115, 221, 562, 171, 305, 200
0, 0, 0, 0, 0, 0, 0, 0, 0, 0, 0, 37, 255, f, f, t, t, 13.05.2021, 1760, 1313, 770, 486, 318, 429, 564, 600, 660, 305, 424, 371, 591, 660, 459, 336, 115, 221, 562, 171, 305, 200
3, 1560, 3, 286, 171, 121, 88, 65, 255, 424, 150, 37, 256, f, f, f, f, 14.05.2021, 1760, 1313, 770, 486, 318, 429, 564, 600, 50, 50, 50, 50, 50, 50, 50, 50, 50, 50, 50, 50, 50, 50
0, 0, 0, 0, 0, 0, 0, 0, 0, 0, 0, 37, 257, f, f, t, t, 15.05.2021, 286, 171, 121, 88, 65, 255, 424, 150, 1822, 545, 1920, 2168, 1975, 1822, 2608, 1480, 375, 905, 1332, 655, 545, 1313
0, 0, 0, 0, 0, 0, 0, 0, 0, 0, 0, 37, 258, f, f, t, t, 16.05.2021, 286, 171, 121, 88, 65, 255, 424, 150, 1822, 545, 1920, 2168, 1975, 1822, 2608, 1480, 375, 905, 1332, 655, 545, 1313
3, 1560, 3, 286, 171, 121, 88, 65, 99, 278, 452, 38, 259, f, f, f, f, 17.05.2021, 286, 171, 121, 88, 65, 255, 424, 150, 1358, 446, 1546, 1545, 1590, 1358, 1897, 1194, 310, 734, 966, 534, 446, 861
3, 1560, 3, 286, 171, 121, 88, 65, 99, 141, 361, 38, 260, f, f, f, f, 18.05.2021, 572, 342, 242, 176, 130, 354, 702, 602, 1031, 347, 1172, 1013, 1205, 1031, 1277, 908, 245, 563, 737, 413, 347, 500
3, 1560, 3, 286, 171, 121, 88, 65, 99, 141, 150, 38, 261, f, f, f, f, 19.05.2021, 858, 513, 363, 264, 195, 453, 843, 963, 704, 248, 798, 692, 820, 704, 868, 622, 180, 392, 508, 292, 248, 350
3, 1560, 3, 286, 171, 121, 88, 65, 99, 141, 150, 38, 262, f, f, f, f, 20.05.2021, 1144, 684, 484, 352, 260, 552, 984, 1113, 377, 149, 424, 371, 435, 377, 459, 336, 115, 221, 279, 171, 149, 200
3, 1560, 3, 286, 171, 121, 88, 65, 99, 141, 150, 38, 263, f, f, f, f, 21.05.2021, 1430, 855, 605, 440, 325, 651, 1125, 1263, 50, 50, 50, 50, 50, 50, 50, 50, 50, 50, 50, 50, 50, 50
0, 0, 0, 0, 0, 0, 0, 0, 0, 0, 0, 38, 264, f, f, t, t, 22.05.2021, 286, 171, 121, 88, 65, 99, 141, 150, 1358, 446, 1546, 1334, 1590, 1358, 1686, 1194, 310, 734, 966, 534, 446, 650
0, 0, 0, 0, 0, 0, 0, 0, 0, 0, 0, 38, 265, f, f, t, t, 23.05.2021, 286, 171, 121, 88, 65, 99, 141, 150, 1358, 446, 1546, 1334, 1590, 1358, 1686, 1194, 310, 734, 966, 534, 446, 650
0, 0, 0, 0, 0, 0, 0, 0, 0, 0, 0, 39, 266, f, f, t, t, 24.05.2021, 286, 171, 121, 88, 65, 99, 141, 150, 1358, 446, 1546, 1334, 1590, 1358, 1686, 1194, 310, 734, 966, 534, 446, 650
3, 1560, 3, 286, 171, 121, 88, 65, 99, 141, 150, 39, 267, f, f, f, f, 25.05.2021, 286, 171, 121, 88, 65, 99, 141, 150, 1031, 347, 1172, 1013, 1205, 1031, 1277, 908, 245, 563, 737, 413, 347, 500
3, 1560, 3, 286, 171, 121, 88, 65, 99, 141, 150, 39, 268, f, f, f, f, 26.05.2021, 572, 342, 242, 176, 130, 198, 282, 300, 704, 248, 798, 692, 820, 704, 868, 622, 180, 392, 508, 292, 248, 350
3, 1560, 3, 286, 171, 121, 88, 65, 99, 141, 150, 39, 269, f, f, f, f, 27.05.2021, 858, 513, 363, 264, 195, 297, 423, 450, 377, 149, 424, 371, 435, 377, 459, 336, 115, 221, 279, 171, 149, 200
3, 1560, 3, 286, 171, 121, 88, 65, 99, 141, 150, 39, 270, f, f, f, f, 28.05.2021, 1144, 684, 484, 352, 260, 396, 564, 600, 50, 50, 50, 50, 50, 50, 50, 50, 50, 50, 50, 50, 50, 50
0, 0, 0, 0, 0, 0, 0, 0, 0, 0, 0, 39, 271, f, f, t, t, 29.05.2021, 286, 171, 121, 88, 65, 99, 141, 150, 1223, 409, 1383, 1207, 1428, 1223, 1521, 1069, 283, 664, 868, 486, 409, 593
0, 0, 0, 0, 0, 0, 0, 0, 0, 0, 0, 39, 272, f, f, t, t, 30.05.2021, 286, 171, 121, 88, 65, 99, 141, 150, 1223, 409, 1383, 1207, 1428, 1223, 1521, 1069, 283, 664, 868, 486, 409, 593
3, 1560, 3, 286, 171, 121, 88, 65, 99, 141, 150, 40, 273, f, f, f, f, 31.05.2021, 286, 171, 121, 88, 65, 99, 141, 150, 896, 310, 1009, 886, 1043, 896, 1112, 783, 218, 493, 639, 365, 310, 443
1, 520, 1, 253, 157, 111, 78, 60, 94, 127, 141, 40, 274, t, f, f, f, 01.06.2021, 572, 342, 242, 176, 130, 198, 282, 300, 598, 216, 678, 588, 696, 598, 736, 530, 158, 336, 434, 254, 216, 302
1, 520, 1, 240, 143, 102, 74, 54, 83, 118, 126, 40, 275, f, f, f, f, 02.06.2021, 825, 499, 353, 254, 190, 292, 409, 441, 324, 133, 364, 319, 373, 324, 393, 290, 104, 193, 242, 152, 133, 176
1, 520, 1, 0, 0, 0, 0, 0, 0, 0, 0, 40, 276, f, f, t, t, 03.06.2021, 1065, 642, 455, 328, 244, 375, 527, 567, 324, 133, 364, 319, 373, 324, 393, 290, 104, 193, 242, 152, 133, 176
1, 520, 1, 240, 143, 102, 74, 54, 83, 118, 126, 40, 277, f, f, f, f, 04.06.2021, 1065, 642, 455, 328, 244, 375, 527, 567, 50, 50, 50, 50, 50, 50, 50, 50, 50, 50, 50, 50, 50, 50
1, 520, 1, 0, 0, 0, 0, 0, 0, 0, 0, 40, 278, f, f, t, t, 05.06.2021, 240, 143, 102, 74, 54, 83, 118, 126, 1674, 465, 3875, 1986, 3827, 1674, 2449, 3412, 320, 1356, 1103, 814, 465, 680
1, 520, 1, 0, 0, 0, 0, 0, 0, 0, 0, 40, 279, f, f, t, t, 06.06.2021, 240, 143, 102, 74, 54, 83, 118, 126, 1674, 465, 3875, 1986, 3827, 1674, 2449, 3412, 320, 1356, 1103, 814, 465, 680
3, 1560, 3, 860, 143, 102, 74, 54, 83, 118, 126, 41, 280, f, f, f, f, 07.06.2021, 240, 143, 102, 74, 54, 83, 118, 126, 1400, 382, 2941, 1717, 2884, 1400, 2106, 2552, 266, 1213, 911, 712, 382, 554
3, 1560, 3, 860, 143, 102, 74, 54, 83, 118, 126, 41, 281, f, f, f, f, 08.06.2021, 1100, 286, 204, 148, 108, 166, 236, 252, 1126, 299, 2007, 1448, 1941, 1126, 1763, 1692, 212, 1070, 719, 610, 299, 428
3, 1560, 3, 860, 143, 102, 74, 54, 83, 118, 126, 41, 282, f, f, f, f, 09.06.2021, 1960, 429, 306, 222, 162, 249, 354, 378, 852, 216, 1073, 1179, 998, 852, 1420, 832, 158, 927, 527, 508, 216, 302
3, 1560, 3, 542, 461, 102, 74, 54, 83, 118, 126, 41, 283, f, f, f, f, 10.06.2021, 2820, 572, 408, 296, 216, 332, 472, 504, 578, 133, 457, 592, 373, 578, 759, 290, 104, 466, 335, 406, 133, 176
3, 1560, 3, 240, 416, 356, 167, 54, 83, 118, 126, 41, 284, f, f, f, f, 11.06.2021, 3362, 1033, 510, 370, 270, 415, 590, 630, 50, 50, 50, 50, 50, 50, 50, 50, 50, 50, 50, 50, 50, 50
0, 0, 0, 0, 0, 0, 0, 0, 0, 0, 0, 41, 285, f, f, t, t, 12.06.2021, 240, 416, 356, 167, 54, 83, 118, 126, 1882, 635, 1653, 1861, 1835, 1882, 2264, 1250, 383, 765, 1442, 560, 635, 1146
0, 0, 0, 0, 0, 0, 0, 0, 0, 0, 0, 41, 286, f, f, t, t, 13.06.2021, 240, 416, 356, 167, 54, 83, 118, 126, 1882, 635, 1653, 1861, 1835, 1882, 2264, 1250, 383, 765, 1442, 560, 635, 1146
3, 1560, 3, 240, 143, 102, 107, 117, 253, 472, 126, 42, 287, t, f, f, f, 14.06.2021, 240, 416, 356, 167, 54, 83, 118, 126, 1191, 382, 1306, 1592, 1342, 1191, 1888, 1010, 266, 622, 863, 458, 382, 1020
3, 1560, 3, 240, 143, 102, 74, 54, 83, 163, 592, 42, 288, f, f, f, f, 15.06.2021, 480, 559, 458, 274, 171, 336, 590, 252, 872, 299, 992, 857, 1019, 872, 1079, 770, 212, 479, 626, 356, 299, 428
2, 1040, 2, 240, 143, 102, 74, 54, 83, 118, 126, 42, 289, f, f, f, f, 16.06.2021, 720, 702, 560, 348, 225, 419, 753, 844, 598, 216, 678, 588, 696, 598, 736, 530, 158, 336, 434, 254, 216, 302
2, 1040, 2, 240, 143, 102, 74, 54, 83, 118, 126, 42, 290, f, f, f, f, 17.06.2021, 960, 845, 662, 422, 279, 502, 871, 970, 324, 133, 364, 319, 373, 324, 393, 290, 104, 193, 242, 152, 133, 176
2, 1040, 2, 240, 143, 102, 74, 54, 83, 118, 126, 42, 291, f, f, f, f, 18.06.2021, 1200, 988, 764, 496, 333, 585, 989, 1096, 50, 50, 50, 50, 50, 50, 50, 50, 50, 50, 50, 50, 50, 50
0, 0, 0, 0, 0, 0, 0, 0, 0, 0, 0, 42, 292, f, f, t, t, 19.06.2021, 240, 143, 102, 74, 54, 83, 118, 126, 1420, 465, 1620, 1395, 1665, 1420, 1765, 1250, 320, 765, 1010, 560, 465, 680
0, 0, 0, 0, 0, 0, 0, 0, 0, 0, 0, 42, 293, f, f, t, t, 20.06.2021, 240, 143, 102, 74, 54, 83, 118, 126, 1420, 465, 1620, 1395, 1665, 1420, 1765, 1250, 320, 765, 1010, 560, 465, 680
2, 1040, 2, 240, 143, 102, 74, 54, 83, 118, 126, 43, 294, f, f, f, f, 21.06.2021, 240, 143, 102, 74, 54, 83, 118, 126, 1146, 382, 1306, 1126, 1342, 1146, 1422, 1010, 266, 622, 818, 458, 382, 554
2, 1040, 2, 240, 143, 102, 74, 54, 83, 118, 126, 43, 295, f, f, f, f, 22.06.2021, 480, 286, 204, 148, 108, 166, 236, 252, 872, 299, 992, 857, 1019, 872, 1079, 770, 212, 479, 626, 356, 299, 428
2, 1040, 2, 240, 143, 102, 74, 54, 83, 118, 126, 43, 296, f, f, f, f, 23.06.2021, 720, 429, 306, 222, 162, 249, 354, 378, 598, 216, 678, 588, 696, 598, 736, 530, 158, 336, 434, 254, 216, 302
2, 1040, 2, 240, 143, 102, 74, 54, 83, 118, 126, 43, 297, f, f, f, f, 24.06.2021, 960, 572, 408, 296, 216, 332, 472, 504, 324, 133, 364, 319, 373, 324, 393, 290, 104, 193, 242, 152, 133, 176
2, 1040, 2, 240, 143, 102, 74, 54, 83, 118, 126, 43, 298, f, f, f, f, 25.06.2021, 1200, 715, 510, 370, 270, 415, 590, 630, 50, 50, 50, 50, 50, 50, 50, 50, 50, 50, 50, 50, 50, 50
0, 0, 0, 0, 0, 0, 0, 0, 0, 0, 0, 43, 299, f, f, t, t, 26.06.2021, 240, 143, 102, 74, 54, 83, 118, 126, 1384, 459, 1572, 1345, 1617, 1384, 1709, 1208, 317, 740, 980, 551, 459, 655
0, 0, 0, 0, 0, 0, 0, 0, 0, 0, 0, 43, 300, f, f, t, t, 27.06.2021, 240, 143, 102, 74, 54, 83, 118, 126, 1384, 459, 1572, 1345, 1617, 1384, 1709, 1208, 317, 740, 980, 551, 459, 655
2, 1040, 2, 240, 143, 102, 74, 54, 83, 118, 126, 44, 301, f, f, f, f, 28.06.2021, 240, 143, 102, 74, 54, 83, 118, 126, 1110, 376, 1258, 1076, 1294, 1110, 1366, 968, 263, 597, 788, 449, 376, 529
2, 1040, 2, 240, 143, 102, 74, 54, 83, 118, 126, 44, 302, f, f, f, f, 29.06.2021, 480, 286, 204, 148, 108, 166, 236, 252, 836, 293, 944, 807, 971, 836, 1023, 728, 209, 454, 596, 347, 293, 403
2, 1040, 2, 240, 143, 102, 74, 54, 83, 118, 126, 44, 303, f, f, f, f, 30.06.2021, 720, 429, 306, 222, 162, 249, 354, 378, 562, 210, 630, 538, 648, 562, 680, 488, 155, 311, 404, 245, 210, 277
1, 520, 1, 226, 134, 106, 77, 57, 87, 107, 116, 44, 304, f, f, f, f, 01.07.2021, 960, 572, 408, 296, 216, 332, 472, 504, 292, 123, 327, 288, 335, 292, 353, 262, 98, 177, 220, 139, 123, 161
1, 520, 1, 212, 127, 89, 65, 48, 73, 105, 111, 44, 305, f, f, f, f, 02.07.2021, 1186, 706, 514, 373, 273, 419, 579, 620, 50, 50, 50, 50, 50, 50, 50, 50, 50, 50, 50, 50, 50, 50
1, 520, 1, 0, 0, 0, 0, 0, 0, 0, 0, 44, 306, f, f, t, t, 03.07.2021, 212, 127, 89, 65, 48, 73, 105, 111, 1902, 571, 3529, 1998, 3613, 1902, 2435, 3092, 335, 1214, 1364, 740, 571, 834
1, 520, 1, 0, 0, 0, 0, 0, 0, 0, 0, 44, 307, f, f, t, t, 04.07.2021, 212, 127, 89, 65, 48, 73, 105, 111, 1902, 571, 3529, 1998, 3613, 1902, 2435, 3092, 335, 1214, 1364, 740, 571, 834
3, 1560, 3, 942, 127, 89, 65, 48, 73, 105, 111, 45, 308, f, f, f, f, 05.07.2021, 212, 127, 89, 65, 48, 73, 105, 111, 1660, 498, 2522, 1760, 2598, 1660, 2132, 2150, 287, 1087, 1194, 651, 498, 723
3, 1560, 3, 942, 127, 89, 65, 48, 73, 105, 111, 45, 309, f, f, f, f, 06.07.2021, 1154, 254, 178, 130, 96, 146, 210, 222, 1418, 425, 1515, 1522, 1583, 1418, 1829, 1208, 239, 960, 1024, 562, 425, 612
3, 1560, 3, 734, 335, 89, 65, 48, 73, 105, 111, 45, 310, f, f, f, f, 07.07.2021, 2096, 381, 267, 195, 144, 219, 315, 333, 1176, 352, 716, 1076, 776, 1176, 1318, 474, 191, 625, 854, 473, 352, 501
3, 1560, 3, 212, 448, 334, 177, 93, 80, 105, 111, 45, 311, f, f, f, f, 08.07.2021, 2830, 716, 356, 260, 192, 292, 420, 444, 644, 272, 327, 517, 484, 644, 582, 262, 98, 177, 572, 139, 272, 390
3, 1560, 3, 212, 127, 89, 65, 48, 222, 457, 340, 45, 312, f, f, f, f, 09.07.2021, 3042, 1164, 690, 437, 285, 372, 525, 555, 50, 50, 50, 50, 50, 50, 50, 50, 50, 50, 50, 50, 50, 50
0, 0, 0, 0, 0, 0, 0, 0, 0, 0, 0, 45, 313, f, f, t, t, 10.07.2021, 212, 127, 89, 65, 48, 222, 457, 340, 1260, 415, 1435, 1450, 1475, 1260, 1775, 1110, 290, 685, 900, 495, 415, 815
0, 0, 0, 0, 0, 0, 0, 0, 0, 0, 0, 45, 314, f, f, t, t, 11.07.2021, 212, 127, 89, 65, 48, 222, 457, 340, 1260, 415, 1435, 1450, 1475, 1260, 1775, 1110, 290, 685, 900, 495, 415, 815
2, 1040, 2, 212, 127, 89, 65, 48, 73, 105, 321, 46, 315, f, f, f, f, 12.07.2021, 212, 127, 89, 65, 48, 222, 457, 340, 1018, 342, 1158, 1002, 1190, 1018, 1262, 898, 242, 558, 730, 406, 342, 494
2, 1040, 2, 212, 127, 89, 65, 48, 73, 105, 111, 46, 316, f, f, f, f, 13.07.2021, 424, 254, 178, 130, 96, 295, 562, 661, 776, 269, 881, 764, 905, 776, 959, 686, 194, 431, 560, 317, 269, 383
2, 1040, 2, 212, 127, 89, 65, 48, 73, 105, 111, 46, 317, f, f, f, f, 14.07.2021, 636, 381, 267, 195, 144, 368, 667, 772, 534, 196, 604, 526, 620, 534, 656, 474, 146, 304, 390, 228, 196, 272
2, 1040, 2, 212, 127, 89, 65, 48, 73, 105, 111, 46, 318, f, f, f, f, 15.07.2021, 848, 508, 356, 260, 192, 441, 772, 883, 292, 123, 327, 288, 335, 292, 353, 262, 98, 177, 220, 139, 123, 161
2, 1040, 2, 212, 127, 89, 65, 48, 73, 105, 111, 46, 319, f, f, f, f, 16.07.2021, 1060, 635, 445, 325, 240, 514, 877, 994, 50, 50, 50, 50, 50, 50, 50, 50, 50, 50, 50, 50, 50, 50
0, 0, 0, 0, 0, 0, 0, 0, 0, 0, 0, 46, 320, f, f, t, t, 17.07.2021, 212, 127, 89, 65, 48, 73, 105, 111, 1260, 415, 1435, 1240, 1475, 1260, 1565, 1110, 290, 685, 900, 495, 415, 605
0, 0, 0, 0, 0, 0, 0, 0, 0, 0, 0, 46, 321, f, f, t, t, 18.07.2021, 212, 127, 89, 65, 48, 73, 105, 111, 1260, 415, 1435, 1240, 1475, 1260, 1565, 1110, 290, 685, 900, 495, 415, 605
2, 1040, 2, 212, 127, 89, 65, 48, 73, 105, 111, 47, 322, f, f, f, f, 19.07.2021, 212, 127, 89, 65, 48, 73, 105, 111, 1018, 342, 1158, 1002, 1190, 1018, 1262, 898, 242, 558, 730, 406, 342, 494
2, 1040, 2, 212, 127, 89, 65, 48, 73, 105, 111, 47, 323, f, f, f, f, 20.07.2021, 424, 254, 178, 130, 96, 146, 210, 222, 776, 269, 881, 764, 905, 776, 959, 686, 194, 431, 560, 317, 269, 383
2, 1040, 2, 212, 127, 89, 65, 48, 73, 105, 111, 47, 324, f, f, f, f, 21.07.2021, 636, 381, 267, 195, 144, 219, 315, 333, 534, 196, 604, 526, 620, 534, 656, 474, 146, 304, 390, 228, 196, 272
2, 1040, 2, 212, 127, 89, 65, 48, 73, 105, 111, 47, 325, f, f, f, f, 22.07.2021, 848, 508, 356, 260, 192, 292, 420, 444, 292, 123, 327, 288, 335, 292, 353, 262, 98, 177, 220, 139, 123, 161
2, 1040, 2, 212, 127, 89, 65, 48, 73, 105, 111, 47, 326, f, f, f, f, 23.07.2021, 1060, 635, 445, 325, 240, 365, 525, 555, 50, 50, 50, 50, 50, 50, 50, 50, 50, 50, 50, 50, 50, 50
0, 0, 0, 0, 0, 0, 0, 0, 0, 0, 0, 47, 327, f, f, t, t, 24.07.2021, 212, 127, 89, 65, 48, 73, 105, 111, 1260, 415, 1435, 1240, 1475, 1260, 1565, 1110, 290, 685, 900, 495, 415, 605
0, 0, 0, 0, 0, 0, 0, 0, 0, 0, 0, 47, 328, f, f, t, t, 25.07.2021, 212, 127, 89, 65, 48, 73, 105, 111, 1260, 415, 1435, 1240, 1475, 1260, 1565, 1110, 290, 685, 900, 495, 415, 605
2, 1040, 2, 212, 127, 89, 65, 48, 73, 105, 111, 48, 329, f, f, f, f, 26.07.2021, 212, 127, 89, 65, 48, 73, 105, 111, 1018, 342, 1158, 1002, 1190, 1018, 1262, 898, 242, 558, 730, 406, 342, 494
2, 1040, 2, 212, 127, 89, 65, 48, 73, 105, 111, 48, 330, f, f, f, f, 27.07.2021, 424, 254, 178, 130, 96, 146, 210, 222, 776, 269, 881, 764, 905, 776, 959, 686, 194, 431, 560, 317, 269, 383
2, 1040, 2, 212, 127, 89, 65, 48, 73, 105, 111, 48, 331, f, f, f, f, 28.07.2021, 636, 381, 267, 195, 144, 219, 315, 333, 534, 196, 604, 526, 620, 534, 656, 474, 146, 304, 390, 228, 196, 272
2, 1040, 2, 212, 127, 89, 65, 48, 73, 105, 111, 48, 332, f, f, f, f, 29.07.2021, 848, 508, 356, 260, 192, 292, 420, 444, 292, 123, 327, 288, 335, 292, 353, 262, 98, 177, 220, 139, 123, 161
2, 1040, 2, 212, 127, 89, 65, 48, 73, 105, 111, 48, 333, f, f, f, f, 30.07.2021, 1060, 635, 445, 325, 240, 365, 525, 555, 50, 50, 50, 50, 50, 50, 50, 50, 50, 50, 50, 50, 50, 50
0, 0, 0, 0, 0, 0, 0, 0, 0, 0, 0, 48, 334, f, f, t, t, 31.07.2021, 212, 127, 89, 65, 48, 73, 105, 111, 1485, 447, 2691, 1685, 2739, 1485, 2034, 2342, 287, 932, 1071, 576, 447, 803
1, 520, 1, 0, 0, 0, 0, 0, 0, 0, 0, 48, 335, t, f, t, t, 01.08.2021, 212, 127, 89, 65, 48, 73, 105, 111, 1485, 447, 2691, 1685, 2739, 1485, 2034, 2342, 287, 932, 1071, 576, 447, 803
3, 1560, 3, 1006, 105, 80, 67, 52, 66, 93, 91, 49, 336, f, f, f, f, 02.08.2021, 212, 127, 89, 65, 48, 73, 105, 111, 1260, 381, 1618, 1489, 1667, 1260, 1771, 1336, 235, 827, 911, 496, 381, 712
3, 1560, 3, 809, 385, 67, 48, 35, 55, 78, 83, 49, 337, f, f, f, f, 03.08.2021, 1218, 232, 169, 132, 100, 139, 198, 202, 1080, 326, 761, 1021, 803, 1080, 1255, 527, 200, 442, 785, 429, 326, 629
3, 1560, 3, 159, 202, 245, 138, 80, 166, 345, 225, 49, 338, f, f, f, f, 04.08.2021, 2027, 617, 236, 180, 135, 194, 276, 285, 410, 160, 464, 594, 478, 410, 690, 368, 120, 240, 302, 184, 160, 404
2, 1040, 2, 159, 95, 67, 48, 35, 55, 78, 271, 49, 339, f, f, f, f, 05.08.2021, 2186, 819, 481, 318, 215, 360, 621, 510, 230, 105, 257, 228, 264, 230, 276, 209, 85, 145, 176, 117, 105, 133
2, 1040, 2, 159, 95, 67, 48, 35, 55, 78, 83, 49, 340, f, f, f, f, 06.08.2021, 2345, 914, 548, 366, 250, 415, 699, 781, 50, 50, 50, 50, 50, 50, 50, 50, 50, 50, 50, 50, 50, 50
0, 0, 0, 0, 0, 0, 0, 0, 0, 0, 0, 49, 341, f, f, t, t, 07.08.2021, 159, 95, 67, 48, 35, 55, 78, 83, 950, 325, 1085, 940, 1120, 950, 1180, 845, 225, 525, 680, 385, 325, 465
0, 0, 0, 0, 0, 0, 0, 0, 0, 0, 0, 49, 342, f, f, t, t, 08.08.2021, 159, 95, 67, 48, 35, 55, 78, 83, 950, 325, 1085, 940, 1120, 950, 1180, 845, 225, 525, 680, 385, 325, 465
2, 1040, 2, 159, 95, 67, 48, 35, 55, 78, 83, 50, 343, f, f, f, f, 09.08.2021, 159, 95, 67, 48, 35, 55, 78, 83, 770, 270, 878, 762, 906, 770, 954, 686, 190, 430, 554, 318, 270, 382
2, 1040, 2, 159, 95, 67, 48, 35, 55, 78, 83, 50, 344, f, f, f, f, 10.08.2021, 318, 190, 134, 96, 70, 110, 156, 166, 590, 215, 671, 584, 692, 590, 728, 527, 155, 335, 428, 251, 215, 299
2, 1040, 2, 159, 95, 67, 48, 35, 55, 78, 83, 50, 345, f, f, f, f, 11.08.2021, 477, 285, 201, 144, 105, 165, 234, 249, 410, 160, 464, 406, 478, 410, 502, 368, 120, 240, 302, 184, 160, 216
2, 1040, 2, 159, 95, 67, 48, 35, 55, 78, 83, 50, 346, f, f, f, f, 12.08.2021, 636, 380, 268, 192, 140, 220, 312, 332, 230, 105, 257, 228, 264, 230, 276, 209, 85, 145, 176, 117, 105, 133
2, 1040, 2, 159, 95, 67, 48, 35, 55, 78, 83, 50, 347, f, f, f, f, 13.08.2021, 795, 475, 335, 240, 175, 275, 390, 415, 50, 50, 50, 50, 50, 50, 50, 50, 50, 50, 50, 50, 50, 50
0, 0, 0, 0, 0, 0, 0, 0, 0, 0, 0, 50, 348, f, f, t, t, 14.08.2021, 159, 95, 67, 48, 35, 55, 78, 83, 950, 325, 1085, 940, 1120, 950, 1180, 845, 225, 525, 680, 385, 325, 465
0, 0, 0, 0, 0, 0, 0, 0, 0, 0, 0, 50, 349, f, t, t, t, 15.08.2021, 159, 95, 67, 48, 35, 55, 78, 83, 950, 325, 1085, 940, 1120, 950, 1180, 845, 225, 525, 680, 385, 325, 465
2, 1040, 2, 159, 95, 67, 48, 35, 55, 78, 83, 51, 350, f, t, f, f, 16.08.2021, 159, 95, 67, 48, 35, 55, 78, 83, 770, 270, 878, 762, 906, 770, 954, 686, 190, 430, 554, 318, 270, 382
2, 1040, 2, 159, 95, 67, 48, 35, 55, 78, 83, 51, 351, f, f, f, f, 17.08.2021, 318, 190, 134, 96, 70, 110, 156, 166, 590, 215, 671, 584, 692, 590, 728, 527, 155, 335, 428, 251, 215, 299
2, 1040, 2, 159, 95, 67, 48, 35, 55, 78, 83, 51, 352, f, f, f, f, 18.08.2021, 477, 285, 201, 144, 105, 165, 234, 249, 410, 160, 464, 406, 478, 410, 502, 368, 120, 240, 302, 184, 160, 216
2, 1040, 2, 159, 95, 67, 48, 35, 55, 78, 83, 51, 353, f, f, f, f, 19.08.2021, 636, 380, 268, 192, 140, 220, 312, 332, 230, 105, 257, 228, 264, 230, 276, 209, 85, 145, 176, 117, 105, 133
2, 1040, 2, 159, 95, 67, 48, 35, 55, 78, 83, 51, 354, f, f, f, f, 20.08.2021, 795, 475, 335, 240, 175, 275, 390, 415, 50, 50, 50, 50, 50, 50, 50, 50, 50, 50, 50, 50, 50, 50
0, 0, 0, 0, 0, 0, 0, 0, 0, 0, 0, 51, 355, f, f, t, t, 21.08.2021, 159, 95, 67, 48, 35, 55, 78, 83, 950, 325, 1085, 940, 1120, 950, 1180, 845, 225, 525, 680, 385, 325, 465
0, 0, 0, 0, 0, 0, 0, 0, 0, 0, 0, 51, 356, f, f, t, t, 22.08.2021, 159, 95, 67, 48, 35, 55, 78, 83, 950, 325, 1085, 940, 1120, 950, 1180, 845, 225, 525, 680, 385, 325, 465
2, 1040, 2, 159, 95, 67, 48, 35, 55, 78, 83, 52, 357, f, f, f, f, 23.08.2021, 159, 95, 67, 48, 35, 55, 78, 83, 770, 270, 878, 762, 906, 770, 954, 686, 190, 430, 554, 318, 270, 382
2, 1040, 2, 159, 95, 67, 48, 35, 55, 78, 83, 52, 358, f, f, f, f, 24.08.2021, 318, 190, 134, 96, 70, 110, 156, 166, 590, 215, 671, 584, 692, 590, 728, 527, 155, 335, 428, 251, 215, 299
2, 1040, 2, 159, 95, 67, 48, 35, 55, 78, 83, 52, 359, f, f, f, f, 25.08.2021, 477, 285, 201, 144, 105, 165, 234, 249, 410, 160, 464, 406, 478, 410, 502, 368, 120, 240, 302, 184, 160, 216
2, 1040, 2, 159, 95, 67, 48, 35, 55, 78, 83, 52, 360, f, f, f, f, 26.08.2021, 636, 380, 268, 192, 140, 220, 312, 332, 230, 105, 257, 228, 264, 230, 276, 209, 85, 145, 176, 117, 105, 133
2, 1040, 2, 159, 95, 67, 48, 35, 55, 78, 83, 52, 361, f, f, f, f, 27.08.2021, 795, 475, 335, 240, 175, 275, 390, 415, 50, 50, 50, 50, 50, 50, 50, 50, 50, 50, 50, 50, 50, 50
0, 0, 0, 0, 0, 0, 0, 0, 0, 0, 0, 52, 362, f, f, t, t, 28.08.2021, 159, 95, 67, 48, 35, 55, 78, 83, 836, 288, 994, 839, 1024, 836, 1047, 786, 200, 465, 606, 338, 288, 424
0, 0, 0, 0, 0, 0, 0, 0, 0, 0, 0, 52, 363, f, f, t, t, 29.08.2021, 159, 95, 67, 48, 35, 55, 78, 83, 836, 288, 994, 839, 1024, 836, 1047, 786, 200, 465, 606, 338, 288, 424
2, 1040, 2, 159, 95, 67, 48, 35, 55, 78, 83, 53, 364, f, f, f, f, 30.08.2021, 159, 95, 67, 48, 35, 55, 78, 83, 656, 233, 787, 661, 810, 656, 821, 627, 165, 370, 480, 271, 233, 341
2, 1040, 2, 159, 95, 67, 48, 35, 55, 78, 83, 53, 365, f, f, f, f, 31.08.2021, 318, 190, 134, 96, 70, 110, 156, 166, 476, 178, 580, 483, 596, 476, 595, 468, 130, 275, 354, 204, 178, 258
1, 520, 1, 116, 75, 54, 42, 30, 48, 72, 78, 53, 366, f, f, f, f, 01.09.2021, 477, 285, 201, 144, 105, 165, 234, 249, 320, 130, 422, 330, 432, 320, 400, 352, 100, 200, 240, 150, 130, 180
1, 520, 1, 151, 75, 50, 35, 25, 40, 60, 65, 53, 367, f, f, f, f, 02.09.2021, 593, 360, 255, 186, 135, 213, 306, 327, 185, 90, 236, 190, 241, 185, 225, 201, 75, 125, 145, 100, 90, 115
1, 520, 1, 151, 75, 50, 35, 25, 40, 60, 65, 53, 368, f, f, f, f, 03.09.2021, 744, 435, 305, 221, 160, 253, 366, 392, 50, 50, 50, 50, 50, 50, 50, 50, 50, 50, 50, 50, 50, 50
1, 520, 1, 0, 0, 0, 0, 0, 0, 0, 0, 53, 369, f, f, t, t, 04.09.2021, 151, 75, 50, 35, 25, 40, 60, 65, 731, 250, 1023, 765, 1048, 731, 940, 848, 175, 440, 525, 306, 250, 375
1, 520, 1, 0, 0, 0, 0, 0, 0, 0, 0, 53, 370, f, f, t, t, 05.09.2021, 151, 75, 50, 35, 25, 40, 60, 65, 731, 250, 1023, 765, 1048, 731, 940, 848, 175, 440, 525, 306, 250, 375
2, 1040, 2, 194, 90, 56, 35, 25, 40, 60, 65, 54, 371, f, f, f, f, 06.09.2021, 151, 75, 50, 35, 25, 40, 60, 65, 590, 210, 794, 610, 814, 590, 750, 654, 150, 350, 430, 250, 210, 310
1, 520, 1, 151, 75, 50, 35, 25, 40, 60, 65, 54, 372, f, f, f, f, 07.09.2021, 345, 165, 106, 70, 50, 80, 120, 130, 455, 170, 608, 470, 623, 455, 575, 503, 125, 275, 335, 200, 170, 245
1, 520, 1, 151, 75, 50, 35, 25, 40, 60, 65, 54, 373, f, f, f, f, 08.09.2021, 496, 240, 156, 105, 75, 120, 180, 195, 320, 130, 422, 330, 432, 320, 400, 352, 100, 200, 240, 150, 130, 180
1, 520, 1, 151, 75, 50, 35, 25, 40, 60, 65, 54, 374, f, f, f, f, 09.09.2021, 647, 315, 206, 140, 100, 160, 240, 260, 185, 90, 236, 190, 241, 185, 225, 201, 75, 125, 145, 100, 90, 115
1, 520, 1, 151, 75, 50, 35, 25, 40, 60, 65, 54, 375, f, f, f, f, 10.09.2021, 798, 390, 256, 175, 125, 200, 300, 325, 50, 50, 50, 50, 50, 50, 50, 50, 50, 50, 50, 50, 50, 50
0, 0, 0, 0, 0, 0, 0, 0, 0, 0, 0, 54, 376, f, f, t, t, 11.09.2021, 151, 75, 50, 35, 25, 40, 60, 65, 725, 250, 980, 750, 1005, 725, 925, 805, 175, 425, 525, 300, 250, 375
0, 0, 0, 0, 0, 0, 0, 0, 0, 0, 0, 54, 377, f, f, t, t, 12.09.2021, 151, 75, 50, 35, 25, 40, 60, 65, 725, 250, 980, 750, 1005, 725, 925, 805, 175, 425, 525, 300, 250, 375
1, 520, 1, 151, 75, 50, 35, 25, 40, 60, 65, 55, 378, f, f, f, f, 13.09.2021, 151, 75, 50, 35, 25, 40, 60, 65, 590, 210, 794, 610, 814, 590, 750, 654, 150, 350, 430, 250, 210, 310
1, 520, 1, 151, 75, 50, 35, 25, 40, 60, 65, 55, 379, f, f, f, f, 14.09.2021, 302, 150, 100, 70, 50, 80, 120, 130, 455, 170, 608, 470, 623, 455, 575, 503, 125, 275, 335, 200, 170, 245
1, 520, 1, 151, 75, 50, 35, 25, 40, 60, 65, 55, 380, f, f, f, f, 15.09.2021, 453, 225, 150, 105, 75, 120, 180, 195, 320, 130, 422, 330, 432, 320, 400, 352, 100, 200, 240, 150, 130, 180
1, 520, 1, 151, 75, 50, 35, 25, 40, 60, 65, 55, 381, f, f, f, f, 16.09.2021, 604, 300, 200, 140, 100, 160, 240, 260, 185, 90, 236, 190, 241, 185, 225, 201, 75, 125, 145, 100, 90, 115
1, 520, 1, 151, 75, 50, 35, 25, 40, 60, 65, 55, 382, f, f, f, f, 17.09.2021, 755, 375, 250, 175, 125, 200, 300, 325, 50, 50, 50, 50, 50, 50, 50, 50, 50, 50, 50, 50, 50, 50
0, 0, 0, 0, 0, 0, 0, 0, 0, 0, 0, 55, 383, f, f, t, t, 18.09.2021, 151, 75, 50, 35, 25, 40, 60, 65, 725, 250, 980, 750, 1005, 725, 925, 805, 175, 425, 525, 300, 250, 375
0, 0, 0, 0, 0, 0, 0, 0, 0, 0, 0, 55, 384, f, f, t, t, 19.09.2021, 151, 75, 50, 35, 25, 40, 60, 65, 725, 250, 980, 750, 1005, 725, 925, 805, 175, 425, 525, 300, 250, 375
1, 520, 1, 151, 75, 50, 35, 25, 40, 60, 65, 56, 385, f, f, f, f, 20.09.2021, 151, 75, 50, 35, 25, 40, 60, 65, 590, 210, 794, 610, 814, 590, 750, 654, 150, 350, 430, 250, 210, 310
1, 520, 1, 151, 75, 50, 35, 25, 40, 60, 65, 56, 386, t, f, f, f, 21.09.2021, 302, 150, 100, 70, 50, 80, 120, 130, 455, 170, 608, 470, 623, 455, 575, 503, 125, 275, 335, 200, 170, 245
1, 520, 1, 151, 75, 50, 35, 25, 40, 60, 65, 56, 387, f, f, f, f, 22.09.2021, 453, 225, 150, 105, 75, 120, 180, 195, 320, 130, 422, 330, 432, 320, 400, 352, 100, 200, 240, 150, 130, 180
1, 520, 1, 151, 75, 50, 35, 25, 40, 60, 65, 56, 388, f, f, f, f, 23.09.2021, 604, 300, 200, 140, 100, 160, 240, 260, 185, 90, 236, 190, 241, 185, 225, 201, 75, 125, 145, 100, 90, 115
1, 520, 1, 151, 75, 50, 35, 25, 40, 60, 65, 56, 389, f, f, f, f, 24.09.2021, 755, 375, 250, 175, 125, 200, 300, 325, 50, 50, 50, 50, 50, 50, 50, 50, 50, 50, 50, 50, 50, 50
0, 0, 0, 0, 0, 0, 0, 0, 0, 0, 0, 56, 390, f, f, t, t, 25.09.2021, 151, 75, 50, 35, 25, 40, 60, 65, 689, 234, 908, 705, 923, 689, 874, 739, 168, 403, 505, 285, 234, 352
0, 0, 0, 0, 0, 0, 0, 0, 0, 0, 0, 56, 391, f, f, t, t, 26.09.2021, 151, 75, 50, 35, 25, 40, 60, 65, 689, 234, 908, 705, 923, 689, 874, 739, 168, 403, 505, 285, 234, 352
1, 520, 1, 151, 75, 50, 35, 25, 40, 60, 65, 57, 392, f, f, f, f, 27.09.2021, 151, 75, 50, 35, 25, 40, 60, 65, 554, 194, 722, 565, 732, 554, 699, 588, 143, 328, 410, 235, 194, 287
1, 520, 1, 151, 75, 50, 35, 25, 40, 60, 65, 57, 393, f, f, f, f, 28.09.2021, 302, 150, 100, 70, 50, 80, 120, 130, 419, 154, 536, 425, 541, 419, 524, 437, 118, 253, 315, 185, 154, 222
1, 520, 1, 151, 75, 50, 35, 25, 40, 60, 65, 57, 394, f, f, f, f, 29.09.2021, 453, 225, 150, 105, 75, 120, 180, 195, 284, 114, 350, 285, 350, 284, 349, 286, 93, 178, 220, 135, 114, 157
1, 520, 1, 151, 75, 50, 35, 25, 40, 60, 65, 57, 395, f, f, f, f, 30.09.2021, 604, 300, 200, 140, 100, 160, 240, 260, 149, 74, 164, 145, 159, 149, 174, 135, 68, 103, 125, 85, 74, 92
1, 520, 1, 85, 53, 35, 29, 18, 24, 46, 42, 57, 396, t, f, f, f, 01.10.2021, 755, 375, 250, 175, 125, 200, 300, 325, 50, 50, 50, 50, 50, 50, 50, 50, 50, 50, 50, 50, 50, 50
1, 520, 1, 0, 0, 0, 0, 0, 0, 0, 0, 57, 397, t, f, t, t, 02.10.2021, 85, 53, 35, 29, 18, 24, 46, 42, 400, 155, 535, 415, 550, 400, 505, 445, 115, 245, 295, 180, 155, 220
1, 520, 1, 0, 0, 0, 0, 0, 0, 0, 0, 57, 398, t, f, t, t, 03.10.2021, 85, 53, 35, 29, 18, 24, 46, 42, 400, 155, 535, 415, 550, 400, 505, 445, 115, 245, 295, 180, 155, 220
1, 520, 1, 79, 39, 26, 18, 13, 21, 31, 34, 58, 399, t, f, f, f, 04.10.2021, 85, 53, 35, 29, 18, 24, 46, 42, 330, 134, 438, 342, 450, 330, 414, 366, 102, 206, 246, 154, 134, 186
1, 520, 1, 79, 39, 26, 18, 13, 21, 31, 34, 58, 400, t, f, f, f, 05.10.2021, 164, 92, 61, 47, 31, 45, 77, 76, 260, 113, 341, 269, 350, 260, 323, 287, 89, 167, 197, 128, 113, 152
1, 520, 1, 79, 39, 26, 18, 13, 21, 31, 34, 58, 401, t, f, f, f, 06.10.2021, 243, 131, 87, 65, 44, 66, 108, 110, 190, 92, 244, 196, 250, 190, 232, 208, 76, 128, 148, 102, 92, 118
1, 520, 1, 79, 39, 26, 18, 13, 21, 31, 34, 58, 402, t, f, f, f, 07.10.2021, 322, 170, 113, 83, 57, 87, 139, 144, 120, 71, 147, 123, 150, 120, 141, 129, 63, 89, 99, 76, 71, 84
1, 520, 1, 79, 39, 26, 18, 13, 21, 31, 34, 58, 403, f, f, f, f, 08.10.2021, 401, 209, 139, 101, 70, 108, 170, 178, 50, 50, 50, 50, 50, 50, 50, 50, 50, 50, 50, 50, 50, 50
0, 0, 0, 0, 0, 0, 0, 0, 0, 0, 0, 58, 404, f, f, t, t, 09.10.2021, 79, 39, 26, 18, 13, 21, 31, 34, 400, 155, 535, 415, 550, 400, 505, 445, 115, 245, 295, 180, 155, 220
0, 0, 0, 0, 0, 0, 0, 0, 0, 0, 0, 58, 405, f, f, t, t, 10.10.2021, 79, 39, 26, 18, 13, 21, 31, 34, 400, 155, 535, 415, 550, 400, 505, 445, 115, 245, 295, 180, 155, 220
1, 520, 1, 79, 39, 26, 18, 13, 21, 31, 34, 59, 406, f, f, f, f, 11.10.2021, 79, 39, 26, 18, 13, 21, 31, 34, 330, 134, 438, 342, 450, 330, 414, 366, 102, 206, 246, 154, 134, 186
1, 520, 1, 79, 39, 26, 18, 13, 21, 31, 34, 59, 407, f, t, f, f, 12.10.2021, 158, 78, 52, 36, 26, 42, 62, 68, 260, 113, 341, 269, 350, 260, 323, 287, 89, 167, 197, 128, 113, 152
1, 520, 1, 79, 39, 26, 18, 13, 21, 31, 34, 59, 408, f, f, f, f, 13.10.2021, 237, 117, 78, 54, 39, 63, 93, 102, 190, 92, 244, 196, 250, 190, 232, 208, 76, 128, 148, 102, 92, 118
1, 520, 1, 79, 39, 26, 18, 13, 21, 31, 34, 59, 409, f, f, f, f, 14.10.2021, 316, 156, 104, 72, 52, 84, 124, 136, 120, 71, 147, 123, 150, 120, 141, 129, 63, 89, 99, 76, 71, 84
1, 520, 1, 79, 39, 26, 18, 13, 21, 31, 34, 59, 410, f, f, f, f, 15.10.2021, 395, 195, 130, 90, 65, 105, 155, 170, 50, 50, 50, 50, 50, 50, 50, 50, 50, 50, 50, 50, 50, 50
0, 0, 0, 0, 0, 0, 0, 0, 0, 0, 0, 59, 411, f, f, t, t, 16.10.2021, 79, 39, 26, 18, 13, 21, 31, 34, 400, 155, 535, 415, 550, 400, 505, 445, 115, 245, 295, 180, 155, 220
0, 0, 0, 0, 0, 0, 0, 0, 0, 0, 0, 59, 412, f, f, t, t, 17.10.2021, 79, 39, 26, 18, 13, 21, 31, 34, 400, 155, 535, 415, 550, 400, 505, 445, 115, 245, 295, 180, 155, 220
1, 520, 1, 79, 39, 26, 18, 13, 21, 31, 34, 60, 413, f, f, f, f, 18.10.2021, 79, 39, 26, 18, 13, 21, 31, 34, 330, 134, 438, 342, 450, 330, 414, 366, 102, 206, 246, 154, 134, 186
1, 520, 1, 79, 39, 26, 18, 13, 21, 31, 34, 60, 414, f, f, f, f, 19.10.2021, 158, 78, 52, 36, 26, 42, 62, 68, 260, 113, 341, 269, 350, 260, 323, 287, 89, 167, 197, 128, 113, 152
1, 520, 1, 79, 39, 26, 18, 13, 21, 31, 34, 60, 415, f, f, f, f, 20.10.2021, 237, 117, 78, 54, 39, 63, 93, 102, 190, 92, 244, 196, 250, 190, 232, 208, 76, 128, 148, 102, 92, 118
1, 520, 1, 79, 39, 26, 18, 13, 21, 31, 34, 60, 416, f, f, f, f, 21.10.2021, 316, 156, 104, 72, 52, 84, 124, 136, 120, 71, 147, 123, 150, 120, 141, 129, 63, 89, 99, 76, 71, 84
1, 520, 1, 79, 39, 26, 18, 13, 21, 31, 34, 60, 417, f, f, f, f, 22.10.2021, 395, 195, 130, 90, 65, 105, 155, 170, 50, 50, 50, 50, 50, 50, 50, 50, 50, 50, 50, 50, 50, 50
0, 0, 0, 0, 0, 0, 0, 0, 0, 0, 0, 60, 418, f, f, t, t, 23.10.2021, 79, 39, 26, 18, 13, 21, 31, 34, 400, 155, 535, 415, 550, 400, 505, 445, 115, 245, 295, 180, 155, 220
0, 0, 0, 0, 0, 0, 0, 0, 0, 0, 0, 60, 419, f, f, t, t, 24.10.2021, 79, 39, 26, 18, 13, 21, 31, 34, 400, 155, 535, 415, 550, 400, 505, 445, 115, 245, 295, 180, 155, 220
1, 520, 1, 79, 39, 26, 18, 13, 21, 31, 34, 61, 420, f, f, f, f, 25.10.2021, 79, 39, 26, 18, 13, 21, 31, 34, 330, 134, 438, 342, 450, 330, 414, 366, 102, 206, 246, 154, 134, 186
1, 520, 1, 79, 39, 26, 18, 13, 21, 31, 34, 61, 421, f, f, f, f, 26.10.2021, 158, 78, 52, 36, 26, 42, 62, 68, 260, 113, 341, 269, 350, 260, 323, 287, 89, 167, 197, 128, 113, 152
1, 520, 1, 79, 39, 26, 18, 13, 21, 31, 34, 61, 422, f, f, f, f, 27.10.2021, 237, 117, 78, 54, 39, 63, 93, 102, 190, 92, 244, 196, 250, 190, 232, 208, 76, 128, 148, 102, 92, 118
1, 520, 1, 79, 39, 26, 18, 13, 21, 31, 34, 61, 423, f, f, f, f, 28.10.2021, 316, 156, 104, 72, 52, 84, 124, 136, 120, 71, 147, 123, 150, 120, 141, 129, 63, 89, 99, 76, 71, 84
1, 520, 1, 79, 39, 26, 18, 13, 21, 31, 34, 61, 424, f, f, f, f, 29.10.2021, 395, 195, 130, 90, 65, 105, 155, 170, 50, 50, 50, 50, 50, 50, 50, 50, 50, 50, 50, 50, 50, 50
0, 0, 0, 0, 0, 0, 0, 0, 0, 0, 0, 61, 425, f, f, t, t, 30.10.2021, 79, 39, 26, 18, 13, 21, 31, 34, 450, 166, 595, 473, 601, 450, 583, 485, 131, 276, 334, 195, 166, 247
0, 0, 0, 0, 0, 0, 0, 0, 0, 0, 0, 61, 426, f, f, t, t, 31.10.2021, 79, 39, 26, 18, 13, 21, 31, 34, 450, 166, 595, 473, 601, 450, 583, 485, 131, 276, 334, 195, 166, 247
1, 520, 1, 0, 0, 0, 0, 0, 0, 0, 0, 62, 427, f, t, t, t, 01.11.2021, 79, 39, 26, 18, 13, 21, 31, 34, 450, 166, 595, 473, 601, 450, 583, 485, 131, 276, 334, 195, 166, 247
1, 520, 1, 120, 70, 40, 38, 30, 32, 48, 62, 62, 428, f, f, f, f, 02.11.2021, 79, 39, 26, 18, 13, 21, 31, 34, 332, 134, 437, 341, 449, 332, 413, 365, 101, 206, 248, 155, 134, 185
1, 520, 1, 105, 52, 35, 24, 17, 28, 42, 45, 62, 429, f, f, f, f, 03.11.2021, 199, 109, 66, 56, 43, 53, 79, 96, 238, 106, 308, 244, 316, 238, 292, 260, 84, 154, 182, 120, 106, 140
1, 520, 1, 105, 52, 35, 24, 17, 28, 42, 45, 62, 430, f, f, f, f, 04.11.2021, 304, 161, 101, 80, 60, 81, 121, 141, 144, 78, 179, 147, 183, 144, 171, 155, 67, 102, 116, 85, 78, 95
1, 520, 1, 105, 52, 35, 24, 17, 28, 42, 45, 62, 431, f, f, f, f, 05.11.2021, 409, 213, 136, 104, 77, 109, 163, 186, 50, 50, 50, 50, 50, 50, 50, 50, 50, 50, 50, 50, 50, 50
1, 520, 1, 0, 0, 0, 0, 0, 0, 0, 0, 62, 432, f, f, t, t, 06.11.2021, 105, 52, 35, 24, 17, 28, 42, 45, 520, 190, 695, 535, 715, 520, 655, 575, 135, 310, 380, 225, 190, 275
1, 520, 1, 0, 0, 0, 0, 0, 0, 0, 0, 62, 433, f, f, t, t, 07.11.2021, 105, 52, 35, 24, 17, 28, 42, 45, 520, 190, 695, 535, 715, 520, 655, 575, 135, 310, 380, 225, 190, 275
1, 520, 1, 105, 52, 35, 24, 17, 28, 42, 45, 63, 434, f, f, f, f, 08.11.2021, 105, 52, 35, 24, 17, 28, 42, 45, 426, 162, 566, 438, 582, 426, 534, 470, 118, 258, 314, 190, 162, 230
1, 520, 1, 105, 52, 35, 24, 17, 28, 42, 45, 63, 435, f, f, f, f, 09.11.2021, 210, 104, 70, 48, 34, 56, 84, 90, 332, 134, 437, 341, 449, 332, 413, 365, 101, 206, 248, 155, 134, 185
1, 520, 1, 105, 52, 35, 24, 17, 28, 42, 45, 63, 436, f, f, f, f, 10.11.2021, 315, 156, 105, 72, 51, 84, 126, 135, 238, 106, 308, 244, 316, 238, 292, 260, 84, 154, 182, 120, 106, 140
1, 520, 1, 105, 52, 35, 24, 17, 28, 42, 45, 63, 437, f, f, f, f, 11.11.2021, 420, 208, 140, 96, 68, 112, 168, 180, 144, 78, 179, 147, 183, 144, 171, 155, 67, 102, 116, 85, 78, 95
1, 520, 1, 105, 52, 35, 24, 17, 28, 42, 45, 63, 438, f, f, f, f, 12.11.2021, 525, 260, 175, 120, 85, 140, 210, 225, 50, 50, 50, 50, 50, 50, 50, 50, 50, 50, 50, 50, 50, 50
0, 0, 0, 0, 0, 0, 0, 0, 0, 0, 0, 63, 439, f, f, t, t, 13.11.2021, 105, 52, 35, 24, 17, 28, 42, 45, 520, 190, 695, 535, 715, 520, 655, 575, 135, 310, 380, 225, 190, 275
0, 0, 0, 0, 0, 0, 0, 0, 0, 0, 0, 63, 440, f, f, t, t, 14.11.2021, 105, 52, 35, 24, 17, 28, 42, 45, 520, 190, 695, 535, 715, 520, 655, 575, 135, 310, 380, 225, 190, 275
1, 520, 1, 105, 52, 35, 24, 17, 28, 42, 45, 64, 441, f, f, f, f, 15.11.2021, 105, 52, 35, 24, 17, 28, 42, 45, 426, 162, 566, 438, 582, 426, 534, 470, 118, 258, 314, 190, 162, 230
1, 520, 1, 105, 52, 35, 24, 17, 28, 42, 45, 64, 442, f, f, f, f, 16.11.2021, 210, 104, 70, 48, 34, 56, 84, 90, 332, 134, 437, 341, 449, 332, 413, 365, 101, 206, 248, 155, 134, 185
1, 520, 1, 105, 52, 35, 24, 17, 28, 42, 45, 64, 443, f, f, f, f, 17.11.2021, 315, 156, 105, 72, 51, 84, 126, 135, 238, 106, 308, 244, 316, 238, 292, 260, 84, 154, 182, 120, 106, 140
1, 520, 1, 105, 52, 35, 24, 17, 28, 42, 45, 64, 444, f, f, f, f, 18.11.2021, 420, 208, 140, 96, 68, 112, 168, 180, 144, 78, 179, 147, 183, 144, 171, 155, 67, 102, 116, 85, 78, 95
1, 520, 1, 105, 52, 35, 24, 17, 28, 42, 45, 64, 445, f, f, f, f, 19.11.2021, 525, 260, 175, 120, 85, 140, 210, 225, 50, 50, 50, 50, 50, 50, 50, 50, 50, 50, 50, 50, 50, 50
0, 0, 0, 0, 0, 0, 0, 0, 0, 0, 0, 64, 446, f, f, t, t, 20.11.2021, 105, 52, 35, 24, 17, 28, 42, 45, 520, 190, 695, 535, 715, 520, 655, 575, 135, 310, 380, 225, 190, 275
0, 0, 0, 0, 0, 0, 0, 0, 0, 0, 0, 64, 447, f, f, t, t, 21.11.2021, 105, 52, 35, 24, 17, 28, 42, 45, 520, 190, 695, 535, 715, 520, 655, 575, 135, 310, 380, 225, 190, 275
1, 520, 1, 105, 52, 35, 24, 17, 28, 42, 45, 65, 448, f, f, f, f, 22.11.2021, 105, 52, 35, 24, 17, 28, 42, 45, 426, 162, 566, 438, 582, 426, 534, 470, 118, 258, 314, 190, 162, 230
1, 520, 1, 105, 52, 35, 24, 17, 28, 42, 45, 65, 449, f, f, f, f, 23.11.2021, 210, 104, 70, 48, 34, 56, 84, 90, 332, 134, 437, 341, 449, 332, 413, 365, 101, 206, 248, 155, 134, 185
1, 520, 1, 105, 52, 35, 24, 17, 28, 42, 45, 65, 450, f, f, f, f, 24.11.2021, 315, 156, 105, 72, 51, 84, 126, 135, 238, 106, 308, 244, 316, 238, 292, 260, 84, 154, 182, 120, 106, 140
1, 520, 1, 105, 52, 35, 24, 17, 28, 42, 45, 65, 451, f, f, f, f, 25.11.2021, 420, 208, 140, 96, 68, 112, 168, 180, 144, 78, 179, 147, 183, 144, 171, 155, 67, 102, 116, 85, 78, 95
1, 520, 1, 105, 52, 35, 24, 17, 28, 42, 45, 65, 452, f, f, f, f, 26.11.2021, 525, 260, 175, 120, 85, 140, 210, 225, 50, 50, 50, 50, 50, 50, 50, 50, 50, 50, 50, 50, 50, 50
0, 0, 0, 0, 0, 0, 0, 0, 0, 0, 0, 65, 453, f, f, t, t, 27.11.2021, 105, 52, 35, 24, 17, 28, 42, 45, 456, 170, 601, 457, 605, 456, 573, 485, 121, 266, 356, 195, 170, 241
0, 0, 0, 0, 0, 0, 0, 0, 0, 0, 0, 65, 454, f, f, t, t, 28.11.2021, 105, 52, 35, 24, 17, 28, 42, 45, 456, 170, 601, 457, 605, 456, 573, 485, 121, 266, 356, 195, 170, 241
1, 520, 1, 105, 52, 35, 24, 17, 28, 42, 45, 66, 455, f, f, f, f, 29.11.2021, 105, 52, 35, 24, 17, 28, 42, 45, 362, 142, 472, 360, 472, 362, 452, 380, 104, 214, 290, 160, 142, 196
1, 520, 1, 105, 52, 35, 24, 17, 28, 42, 45, 66, 456, f, f, f, f, 30.11.2021, 210, 104, 70, 48, 34, 56, 84, 90, 268, 114, 343, 263, 339, 268, 331, 275, 87, 162, 224, 125, 114, 151
1, 520, 1, 81, 40, 27, 32, 13, 26, 50, 39, 66, 457, f, f, f, f, 01.12.2021, 315, 156, 105, 72, 51, 84, 126, 135, 178, 88, 230, 184, 232, 178, 220, 194, 74, 122, 142, 98, 88, 112
1, 520, 1, 72, 36, 24, 20, 12, 19, 28, 31, 66, 458, f, f, f, f, 02.12.2021, 396, 196, 132, 104, 64, 110, 176, 174, 114, 69, 138, 117, 141, 114, 133, 122, 62, 86, 94, 74, 69, 81
1, 520, 1, 72, 36, 24, 16, 12, 19, 28, 31, 66, 459, f, f, f, f, 03.12.2021, 468, 232, 156, 124, 76, 129, 204, 205, 50, 50, 50, 50, 50, 50, 50, 50, 50, 50, 50, 50, 50, 50
1, 520, 1, 0, 0, 0, 0, 0, 0, 0, 0, 66, 460, f, f, t, t, 04.12.2021, 72, 36, 24, 16, 12, 19, 28, 31, 370, 145, 490, 385, 505, 370, 465, 410, 110, 230, 270, 170, 145, 205
1, 520, 1, 0, 0, 0, 0, 0, 0, 0, 0, 66, 461, f, f, t, t, 05.12.2021, 72, 36, 24, 16, 12, 19, 28, 31, 370, 145, 490, 385, 505, 370, 465, 410, 110, 230, 270, 170, 145, 205
1, 520, 1, 72, 36, 24, 16, 12, 19, 28, 31, 67, 462, f, t, f, f, 06.12.2021, 72, 36, 24, 16, 12, 19, 28, 31, 306, 126, 402, 318, 414, 306, 382, 338, 98, 194, 226, 146, 126, 174
1, 520, 1, 72, 36, 24, 16, 12, 19, 28, 31, 67, 463, f, f, f, f, 07.12.2021, 144, 72, 48, 32, 24, 38, 56, 62, 242, 107, 314, 251, 323, 242, 299, 266, 86, 158, 182, 122, 107, 143
1, 520, 1, 72, 36, 24, 16, 12, 19, 28, 31, 67, 464, f, t, f, f, 08.12.2021, 216, 108, 72, 48, 36, 57, 84, 93, 178, 88, 226, 184, 232, 178, 216, 194, 74, 122, 138, 98, 88, 112
1, 520, 1, 72, 36, 24, 16, 12, 19, 28, 31, 67, 465, f, f, f, f, 09.12.2021, 288, 144, 96, 64, 48, 76, 112, 124, 114, 69, 138, 117, 141, 114, 133, 122, 62, 86, 94, 74, 69, 81
1, 520, 1, 72, 36, 24, 16, 12, 19, 28, 31, 67, 466, f, f, f, f, 10.12.2021, 360, 180, 120, 80, 60, 95, 140, 155, 50, 50, 50, 50, 50, 50, 50, 50, 50, 50, 50, 50, 50, 50
0, 0, 0, 0, 0, 0, 0, 0, 0, 0, 0, 67, 467, f, f, t, t, 11.12.2021, 72, 36, 24, 16, 12, 19, 28, 31, 370, 145, 490, 385, 505, 370, 465, 410, 110, 230, 270, 170, 145, 205
0, 0, 0, 0, 0, 0, 0, 0, 0, 0, 0, 67, 468, f, f, t, t, 12.12.2021, 72, 36, 24, 16, 12, 19, 28, 31, 370, 145, 490, 385, 505, 370, 465, 410, 110, 230, 270, 170, 145, 205
1, 520, 1, 72, 36, 24, 16, 12, 19, 28, 31, 68, 469, f, f, f, f, 13.12.2021, 72, 36, 24, 16, 12, 19, 28, 31, 306, 126, 402, 318, 414, 306, 382, 338, 98, 194, 226, 146, 126, 174
1, 520, 1, 72, 36, 24, 16, 12, 19, 28, 31, 68, 470, f, f, f, f, 14.12.2021, 144, 72, 48, 32, 24, 38, 56, 62, 242, 107, 314, 251, 323, 242, 299, 266, 86, 158, 182, 122, 107, 143
1, 520, 1, 72, 36, 24, 16, 12, 19, 28, 31, 68, 471, f, f, f, f, 15.12.2021, 216, 108, 72, 48, 36, 57, 84, 93, 178, 88, 226, 184, 232, 178, 216, 194, 74, 122, 138, 98, 88, 112
1, 520, 1, 72, 36, 24, 16, 12, 19, 28, 31, 68, 472, f, f, f, f, 16.12.2021, 288, 144, 96, 64, 48, 76, 112, 124, 114, 69, 138, 117, 141, 114, 133, 122, 62, 86, 94, 74, 69, 81
1, 520, 1, 72, 36, 24, 16, 12, 19, 28, 31, 68, 473, f, f, f, f, 17.12.2021, 360, 180, 120, 80, 60, 95, 140, 155, 50, 50, 50, 50, 50, 50, 50, 50, 50, 50, 50, 50, 50, 50
0, 0, 0, 0, 0, 0, 0, 0, 0, 0, 0, 68, 474, f, f, t, t, 18.12.2021, 72, 36, 24, 16, 12, 19, 28, 31, 370, 145, 490, 385, 505, 370, 465, 410, 110, 230, 270, 170, 145, 205
0, 0, 0, 0, 0, 0, 0, 0, 0, 0, 0, 68, 475, f, f, t, t, 19.12.2021, 72, 36, 24, 16, 12, 19, 28, 31, 370, 145, 490, 385, 505, 370, 465, 410, 110, 230, 270, 170, 145, 205
1, 520, 1, 72, 36, 24, 16, 12, 19, 28, 31, 69, 476, f, f, f, f, 20.12.2021, 72, 36, 24, 16, 12, 19, 28, 31, 306, 126, 402, 318, 414, 306, 382, 338, 98, 194, 226, 146, 126, 174
1, 520, 1, 72, 36, 24, 16, 12, 19, 28, 31, 69, 477, f, f, f, f, 21.12.2021, 144, 72, 48, 32, 24, 38, 56, 62, 242, 107, 314, 251, 323, 242, 299, 266, 86, 158, 182, 122, 107, 143
1, 520, 1, 72, 36, 24, 16, 12, 19, 28, 31, 69, 478, f, f, f, f, 22.12.2021, 216, 108, 72, 48, 36, 57, 84, 93, 178, 88, 226, 184, 232, 178, 216, 194, 74, 122, 138, 98, 88, 112
1, 520, 1, 72, 36, 24, 16, 12, 19, 28, 31, 69, 479, f, f, f, f, 23.12.2021, 288, 144, 96, 64, 48, 76, 112, 124, 114, 69, 138, 117, 141, 114, 133, 122, 62, 86, 94, 74, 69, 81
1, 520, 1, 72, 36, 24, 16, 12, 19, 28, 31, 69, 480, f, f, f, f, 24.12.2021, 360, 180, 120, 80, 60, 95, 140, 155, 50, 50, 50, 50, 50, 50, 50, 50, 50, 50, 50, 50, 50, 50
0, 0, 0, 0, 0, 0, 0, 0, 0, 0, 0, 69, 481, f, t, t, t, 25.12.2021, 72, 36, 24, 16, 12, 19, 28, 31, 370, 145, 490, 385, 505, 370, 465, 410, 110, 230, 270, 170, 145, 205
0, 0, 0, 0, 0, 0, 0, 0, 0, 0, 0, 69, 482, f, f, t, t, 26.12.2021, 72, 36, 24, 16, 12, 19, 28, 31, 370, 145, 490, 385, 505, 370, 465, 410, 110, 230, 270, 170, 145, 205
1, 520, 1, 72, 36, 24, 16, 12, 19, 28, 31, 70, 483, f, f, f, f, 27.12.2021, 72, 36, 24, 16, 12, 19, 28, 31, 306, 126, 402, 318, 414, 306, 382, 338, 98, 194, 226, 146, 126, 174
1, 520, 1, 72, 36, 24, 16, 12, 19, 28, 31, 70, 484, f, f, f, f, 28.12.2021, 144, 72, 48, 32, 24, 38, 56, 62, 242, 107, 314, 251, 323, 242, 299, 266, 86, 158, 182, 122, 107, 143
1, 520, 1, 72, 36, 24, 16, 12, 19, 28, 31, 70, 485, f, f, f, f, 29.12.2021, 216, 108, 72, 48, 36, 57, 84, 93, 178, 88, 226, 184, 232, 178, 216, 194, 74, 122, 138, 98, 88, 112
1, 520, 1, 72, 36, 24, 16, 12, 19, 28, 31, 70, 486, f, f, f, f, 30.12.2021, 288, 144, 96, 64, 48, 76, 112, 124, 114, 69, 138, 117, 141, 114, 133, 122, 62, 86, 94, 74, 69, 81
1, 520, 1, 72, 36, 24, 16, 12, 19, 28, 31, 70, 487, f, f, f, f, 31.12.2021, 360, 180, 120, 80, 60, 95, 140, 155, 50, 50, 50, 50, 50, 50, 50, 50, 50, 50, 50, 50, 50, 50
1, 520, 1, 0, 0, 0, 0, 0, 0, 0, 0, 70, 488, t, t, t, t, 01.01.2022, 72, 36, 24, 16, 12, 19, 28, 31, 50, 50, 50, 50, 50, 50, 50, 50, 50, 50, 50, 50, 50, 50
1, 520, 1, 0, 0, 0, 0, 0, 0, 0, 0, 70, 489, f, f, t, t, 02.01.2022, 72, 36, 24, 16, 12, 19, 28, 31, 50, 50, 50, 50, 50, 50, 50, 50, 50, 50, 50, 50, 50, 50
1, 520, 1, 0, 0, 0, 0, 0, 0, 0, 0, 71, 490, f, f, f, f, 03.01.2022, 72, 36, 24, 16, 12, 19, 28, 31, 50, 50, 50, 50, 50, 50, 50, 50, 50, 50, 50, 50, 50, 50
1, 520, 1, 0, 0, 0, 0, 0, 0, 0, 0, 71, 491, f, f, f, f, 04.01.2022, 72, 36, 24, 16, 12, 19, 28, 31, 50, 50, 50, 50, 50, 50, 50, 50, 50, 50, 50, 50, 50, 50
1, 520, 1, 0, 0, 0, 0, 0, 0, 0, 0, 71, 492, f, f, f, f, 05.01.2022, 72, 36, 24, 16, 12, 19, 28, 31, 50, 50, 50, 50, 50, 50, 50, 50, 50, 50, 50, 50, 50, 50
1, 520, 1, 0, 0, 0, 0, 0, 0, 0, 0, 71, 493, f, t, t, f, 06.01.2022, 72, 36, 24, 16, 12, 19, 28, 31, 50, 50, 50, 50, 50, 50, 50, 50, 50, 50, 50, 50, 50, 50
1, 520, 1, 0, 0, 0, 0, 0, 0, 0, 0, 71, 494, f, f, f, f, 07.01.2022, 72, 36, 24, 16, 12, 19, 28, 31, 50, 50, 50, 50, 50, 50, 50, 50, 50, 50, 50, 50, 50, 50
1, 520, 1, 0, 0, 0, 0, 0, 0, 0, 0, 71, 495, f, f, t, t, 08.01.2022, 72, 36, 24, 16, 12, 19, 28, 31, 50, 50, 50, 50, 50, 50, 50, 50, 50, 50, 50, 50, 50, 50
1, 520, 1, 0, 0, 0, 0, 0, 0, 0, 0, 71, 496, f, f, t, t, 09.01.2022, 72, 36, 24, 16, 12, 19, 28, 31, 50, 50, 50, 50, 50, 50, 50, 50, 50, 50, 50, 50, 50, 50
1, 520, 1, 0, 0, 0, 0, 0, 0, 0, 0, 72, 497, f, f, f, f, 10.01.2022, 72, 36, 24, 16, 12, 19, 28, 31, 50, 50, 50, 50, 50, 50, 50, 50, 50, 50, 50, 50, 50, 50
1, 520, 1, 0, 0, 0, 0, 0, 0, 0, 0, 72, 498, f, f, f, f, 11.01.2022, 72, 36, 24, 16, 12, 19, 28, 31, 50, 50, 50, 50, 50, 50, 50, 50, 50, 50, 50, 50, 50, 50
1, 520, 1, 0, 0, 0, 0, 0, 0, 0, 0, 72, 499, f, f, f, f, 12.01.2022, 72, 36, 24, 16, 12, 19, 28, 31, 50, 50, 50, 50, 50, 50, 50, 50, 50, 50, 50, 50, 50, 50
1, 520, 1, 0, 0, 0, 0, 0, 0, 0, 0, 72, 500, f, f, f, f, 13.01.2022, 72, 36, 24, 16, 12, 19, 28, 31, 50, 50, 50, 50, 50, 50, 50, 50, 50, 50, 50, 50, 50, 50
1, 520, 1, 0, 0, 0, 0, 0, 0, 0, 0, 72, 501, f, f, f, f, 14.01.2022, 72, 36, 24, 16, 12, 19, 28, 31, 50, 50, 50, 50, 50, 50, 50, 50, 50, 50, 50, 50, 50, 50
1, 520, 1, 0, 0, 0, 0, 0, 0, 0, 0, 72, 502, f, f, t, t, 15.01.2022, 72, 36, 24, 16, 12, 19, 28, 31, 50, 50, 50, 50, 50, 50, 50, 50, 50, 50, 50, 50, 50, 50
1, 520, 1, 0, 0, 0, 0, 0, 0, 0, 0, 72, 503, f, f, t, t, 16.01.2022, 72, 36, 24, 16, 12, 19, 28, 31, 50, 50, 50, 50, 50, 50, 50, 50, 50, 50, 50, 50, 50, 50
1, 520, 1, 0, 0, 0, 0, 0, 0, 0, 0, 73, 504, f, f, f, f, 17.01.2022, 72, 36, 24, 16, 12, 19, 28, 31, 50, 50, 50, 50, 50, 50, 50, 50, 50, 50, 50, 50, 50, 50
1, 520, 1, 0, 0, 0, 0, 0, 0, 0, 0, 73, 505, f, f, f, f, 18.01.2022, 72, 36, 24, 16, 12, 19, 28, 31, 50, 50, 50, 50, 50, 50, 50, 50, 50, 50, 50, 50, 50, 50
1, 520, 1, 0, 0, 0, 0, 0, 0, 0, 0, 73, 506, f, f, f, f, 19.01.2022, 72, 36, 24, 16, 12, 19, 28, 31, 50, 50, 50, 50, 50, 50, 50, 50, 50, 50, 50, 50, 50, 50
1, 520, 1, 0, 0, 0, 0, 0, 0, 0, 0, 73, 507, f, f, f, f, 20.01.2022, 72, 36, 24, 16, 12, 19, 28, 31, 50, 50, 50, 50, 50, 50, 50, 50, 50, 50, 50, 50, 50, 50
1, 520, 1, 0, 0, 0, 0, 0, 0, 0, 0, 73, 508, f, f, f, f, 21.01.2022, 72, 36, 24, 16, 12, 19, 28, 31, 50, 50, 50, 50, 50, 50, 50, 50, 50, 50, 50, 50, 50, 50
1, 520, 1, 0, 0, 0, 0, 0, 0, 0, 0, 73, 509, f, f, t, t, 22.01.2022, 72, 36, 24, 16, 12, 19, 28, 31, 50, 50, 50, 50, 50, 50, 50, 50, 50, 50, 50, 50, 50, 50
1, 520, 1, 0, 0, 0, 0, 0, 0, 0, 0, 73, 510, f, f, t, t, 23.01.2022, 72, 36, 24, 16, 12, 19, 28, 31, 50, 50, 50, 50, 50, 50, 50, 50, 50, 50, 50, 50, 50, 50
1, 520, 1, 0, 0, 0, 0, 0, 0, 0, 0, 74, 511, f, f, f, f, 24.01.2022, 72, 36, 24, 16, 12, 19, 28, 31, 50, 50, 50, 50, 50, 50, 50, 50, 50, 50, 50, 50, 50, 50
1, 520, 1, 0, 0, 0, 0, 0, 0, 0, 0, 74, 512, f, f, f, f, 25.01.2022, 72, 36, 24, 16, 12, 19, 28, 31, 50, 50, 50, 50, 50, 50, 50, 50, 50, 50, 50, 50, 50, 50
1, 520, 1, 0, 0, 0, 0, 0, 0, 0, 0, 74, 513, f, f, f, f, 26.01.2022, 72, 36, 24, 16, 12, 19, 28, 31, 50, 50, 50, 50, 50, 50, 50, 50, 50, 50, 50, 50, 50, 50
1, 520, 1, 0, 0, 0, 0, 0, 0, 0, 0, 74, 514, f, f, f, f, 27.01.2022, 72, 36, 24, 16, 12, 19, 28, 31, 50, 50, 50, 50, 50, 50, 50, 50, 50, 50, 50, 50, 50, 50
1, 520, 1, 0, 0, 0, 0, 0, 0, 0, 0, 74, 515, f, f, f, f, 28.01.2022, 72, 36, 24, 16, 12, 19, 28, 31, 50, 50, 50, 50, 50, 50, 50, 50, 50, 50, 50, 50, 50, 50
1, 520, 1, 0, 0, 0, 0, 0, 0, 0, 0, 74, 516, f, t, t, t, 29.01.2022, 72, 36, 24, 16, 12, 19, 28, 31, 50, 50, 50, 50, 50, 50, 50, 50, 50, 50, 50, 50, 50, 50
1, 520, 1, 0, 0, 0, 0, 0, 0, 0, 0, 74, 517, f, f, t, t, 30.01.2022, 72, 36, 24, 16, 12, 19, 28, 31, 50, 50, 50, 50, 50, 50, 50, 50, 50, 50, 50, 50, 50, 50
1, 520, 1, 0, 0, 0, 0, 0, 0, 0, 0, 75, 518, t, f, f, f, 31.01.2022, 72, 36, 24, 16, 12, 19, 28, 31, 50, 50, 50, 50, 50, 50, 50, 50, 50, 50, 50, 50, 50, 50
1, 520, 1, 0, 0, 0, 0, 0, 0, 0, 0, 75, 519, t, f, f, f, 01.02.2022, 72, 36, 24, 16, 12, 19, 28, 31, 50, 50, 50, 50, 50, 50, 50, 50, 50, 50, 50, 50, 50, 50
