1
4
7
11
14
18
21
25
28
39
42
46
49
53
56
60
63
67
70
74
77
81
84
88
91
95
98
102
105
109
112
116
119
122
126
130
133
137
140
144
147
151
154
158
161
172
175
179
182
186
190
193
196
200
203
207
210
214
218
221
224
228
231
235
238
242
245
249
252
256
259
263
266
270
273
277
280
284
288
291
294
298
301
305
308
312
315
319
322
326
329
333
336
340
343
347
350
354
357
361
364
368
371
375
378
382
385
389
392
403
406
410
413
417
420
424
427
431
434
438
441
445
448
452
455
459
462
466
469
473
476
480
483
487
490
494
497
501
504
508
511
515
525
529
532
536
539
543
546
550
553
557
560
564
567
571
574
578
581
585
588
592
595
599
602
606
609
613
616
620
623
627
630
634
637
640
644
648
651
655
658
662
669
672
676
679
683
686
690
693
697
701
704
707
711
714
718
721
725
728
732
735
739
742
746
749
753
756
760
770
774
777
781
784
788
791
795
798
802
805
809
812
816
819
823
826
830
833
837
840
844
847
851
